!BP (1950)   depth(m)  layer_thickness(m)  modelled_layer_thickness(m)  accumulation rate (IE m/y)
-66 1.820 0.733355 0.689914 0.734644
-65 3.356 0.692025 0.688891 0.694271
-64 4.608 0.65238 0.688057 0.65529
-63 5.834 0.663945 0.68724 0.667699
-62 6.955 0.626415 0.686493 0.630642
-61 7.986 0.590803 0.685807 0.595386
-60 8.926 0.549847 0.68518 0.554618
-59 10.535 0.963625 0.684109 0.973509
-58 11.843 0.802279 0.683237 0.811542
-57 12.729 0.552245 0.682647 0.559104
-56 13.974 0.787164 0.681818 0.79791
-55 15.049 0.689519 0.681102 0.699667
-54 16.15 0.715078 0.680369 0.726384
-53 17.202 0.691216 0.679668 0.702869
-52 18.231 0.683283 0.678982 0.695504
-51 19.912 1.13076 0.677863 1.15288
-50 20.864 0.648042 0.677229 0.66134
-49 21.501 0.436605 0.676804 0.445844
-48 22.486 0.679732 0.676148 0.694789
-47 23.552 0.741791 0.675438 0.75902
-46 24.795 0.872851 0.67461 0.89422
-45 25.793 0.706826 0.673945 0.724845
-44 26.523 0.520353 0.673459 0.534003
-43 27.471 0.679895 0.672828 0.698386
-42 28.633 0.839685 0.672054 0.863515
-41 29.915 0.934355 0.6712 0.962094
-40 30.786 0.639515 0.67062 0.65907
-39 12.266897 0.887143 0.682955 0.897757
-38 13.378356 0.697869 0.682215 0.706985
-37 14.479809 0.701511 0.681481 0.711439
-36 15.730524 0.807793 0.680648 0.820228
-35 16.890829 0.759443 0.679875 0.772011
-34 18.24644 0.89883 0.678972 0.914919
-33 19.317189 0.718334 0.678259 0.731961
-32 20.324342 0.682143 0.677588 0.695772
-31 21.884784 1.06881 0.676549 1.09184
-30 23.263555 0.955998 0.67563 0.977924
-29 24.265145 0.701096 0.674963 0.717885
-28 25.007715 0.523306 0.674468 0.53623
-27 26.135505 0.800411 0.673717 0.821093
-26 27.171108 0.740872 0.673027 0.760795
-25 28.366323 0.861951 0.672231 0.886178
-24 29.533121 0.848482 0.671454 0.87334
-23 30.439562 0.663886 0.67085 0.683951
-22 31.422492 0.724538 0.670196 0.747166
-21 32.445169 0.758911 0.669514 0.783408
-20 33.370845 0.691357 0.668898 0.714332
-19 34.168198 0.598871 0.668367 0.619264
-18 34.946268 0.587367 0.667848 0.607839
-17 35.824116 0.666206 0.667264 0.69003
-16 36.562364 0.563139 0.666772 0.583708
-15 37.501761 0.720361 0.666146 0.747374
-14 38.15155 0.500754 0.665713 0.51987
-13 38.813301 0.512046 0.665273 0.531945
-12 39.566325 0.58521 0.664771 0.608411
-11 40.793636 0.959582 0.663954 0.998853
-10 41.61145 0.643383 0.663409 0.670264
-9 42.390501 0.615834 0.66289 0.642066
-8 43.33684 0.751935 0.66226 0.78471
-7 44.172347 0.667387 0.661703 0.697063
-6 45.229848 0.849432 0.660999 0.888148
-5 46.223037 0.80257 0.660337 0.839991
-4 47.021888 0.648899 0.659805 0.679702
-3 47.830452 0.659844 0.659266 0.691732
-2 48.763195 0.764997 0.658645 0.802723
-1 49.393571 0.519322 0.658225 0.54528
0 50.209735 0.675149 0.657682 0.709482
1 51.00278 0.659017 0.657153 0.693086
2 52.02453 0.853416 0.656473 0.898465
3 52.911268 0.744612 0.655882 0.784624
4 53.657733 0.629677 0.655385 0.664016
5 54.261615 0.511311 0.654983 0.539526
6 55.062526 0.68077 0.654449 0.718922
7 55.744595 0.582122 0.653995 0.615173
8 56.374746 0.539747 0.653575 0.570758
9 57.080605 0.606809 0.653105 0.642135
10 57.749775 0.5772 0.652659 0.611219
11 58.732084 0.850448 0.652005 0.901476
12 59.398535 0.579074 0.651561 0.614237
13 60.354389 0.833403 0.650924 0.884875
14 61.28826 0.817423 0.650302 0.868738
15 62.085291 0.700074 0.649771 0.74463
16 62.708498 0.548918 0.649356 0.584227
17 63.539782 0.734228 0.648802 0.782124
18 64.400742 0.762839 0.648229 0.81332
19 65.230247 0.737224 0.647676 0.786681
20 65.990831 0.67787 0.64717 0.723911
21 66.762957 0.689974 0.646656 0.737423
22 67.203875 0.394812 0.646362 0.422155
23 67.877363 0.604173 0.645913 0.646464
24 68.830985 0.857728 0.645278 0.918671
25 69.636235 0.726285 0.644742 0.778536
26 70.291129 0.591998 0.644305 0.635017
27 71.175259 0.801063 0.643717 0.860061
28 71.858261 0.620252 0.643262 0.666404
29 72.520041 0.602136 0.642821 0.647384
30 73.180024 0.601612 0.642381 0.647263
31 73.877326 0.636814 0.641917 0.685632
32 74.67951 0.734071 0.641382 0.791003
33 75.248698 0.521796 0.641003 0.562597
34 76.120138 0.800357 0.640423 0.863722
35 76.694901 0.528838 0.64004 0.571048
36 77.353337 0.606743 0.639601 0.655621
37 78.229648 0.809003 0.639018 0.874973
38 78.886369 0.607372 0.63858 0.65735
39 79.524584 0.591135 0.638155 0.640203
40 80.176523 0.604724 0.637721 0.655366
41 80.881722 0.655106 0.637251 0.71049
42 81.61367 0.68101 0.636764 0.73915
43 82.294024 0.633952 0.636311 0.688564
44 82.953887 0.615711 0.635871 0.669214
45 83.666092 0.665475 0.635397 0.723843
46 84.30991 0.602385 0.634968 0.655662
47 85.33611 0.961712 0.634284 1.0479
48 85.950525 0.576699 0.633875 0.628786
49 86.664442 0.670915 0.633399 0.732061
50 87.182424 0.487326 0.633054 0.53203
51 87.996977 0.767252 0.632512 0.838352
52 88.832641 0.788267 0.631955 0.862073
53 89.460529 0.593012 0.631537 0.648966
54 89.914766 0.429393 0.631234 0.470134
55 90.328754 0.391624 0.630959 0.428969
56 91.265663 0.887262 0.630335 0.972832
57 92.199567 0.88572 0.629713 0.972101
58 92.923483 0.68744 0.62923 0.755061
59 93.685096 0.724043 0.628723 0.795907
60 94.204 0.49377 0.628378 0.543077
61 94.911867 0.674175 0.627906 0.742053
62 95.469033 0.531122 0.627535 0.584943
63 96.00963359 0.679679 0.627175 0.748984
64 96.59485695 0.558722 0.626785 0.616076
65 97.14283786 0.523564 0.62642 0.577645
66 97.85398428 0.680023 0.625946 0.750834
67 98.36926696 0.493123 0.625603 0.54477
68 98.87167247 0.481111 0.625269 0.531785
69 99.59994932 0.697946 0.624783 0.772057
70 100.3994971 0.766967 0.624251 0.849131
71 100.9944587 0.571195 0.623855 0.632788
72 101.6626892 0.642014 0.62341 0.711751
73 102.2230168 0.538727 0.623036 0.597603
74 102.8630081 0.615738 0.62261 0.683498
75 103.4444156 0.559755 0.622223 0.621741
76 103.9678144 0.504212 0.621874 0.560361
77 104.68 0.686534 0.6214 0.763569
78 105.2184913 0.519439 0.621041 0.578058
79 105.8 0.561261 0.620654 0.624989
80 106.3813992 0.561488 0.620267 0.625633
81 107.1685977 0.760761 0.619742 0.848388
82 108.0187537 0.822263 0.619176 0.917812
83 108.5489743 0.513164 0.618823 0.573122
84 109.0928005 0.526598 0.618461 0.58847
85 109.7586891 0.645154 0.618017 0.721473
86 110.3247746 0.548766 0.61764 0.614057
87 110.9466191 0.603139 0.617226 0.675352
88 111.4574862 0.495746 0.616886 0.555408
89 112.230427 0.750478 0.616371 0.841498
90 112.7727676 0.526873 0.61601 0.59112
91 113.3862339 0.596256 0.615601 0.669408
92 114.0226125 0.618841 0.615177 0.695242
93 114.7625505 0.719943 0.614684 0.809475
94 115.5495585 0.766199 0.61416 0.862218
95 116.2104869 0.643811 0.61372 0.725012
96 116.973 0.743162 0.613212 0.837587
97 117.5808654 0.592738 0.612807 0.668492
98 118.230435 0.633691 0.612375 0.715184
99 118.7369287 0.494315 0.612037 0.558191
100 119.2335492 0.484849 0.611706 0.547798
101 119.8203564 0.573112 0.611316 0.647935
102 120.6106094 0.772168 0.610789 0.873731
103 121.2097243 0.585673 0.61039 0.663139
104 121.7745473 0.55236 0.610014 0.625806
105 122.4155169 0.627067 0.609587 0.710944
106 123.1365998 0.705744 0.609107 0.800776
107 123.7307923 0.581788 0.608711 0.660558
108 124.1954172 0.455071 0.608402 0.516947
109 124.7348183 0.528467 0.608042 0.600677
110 117.963 0.633989 0.612553 0.715312
111 118.562 0.584506 0.612154 0.659912
112 119.197 0.619903 0.611731 0.700359
113 119.836 0.624082 0.611305 0.705571
114 120.466 0.615556 0.610886 0.69641
115 121.16 0.678386 0.610423 0.768074
116 121.902 0.725645 0.609929 0.822247
117 122.892 0.968711 0.60927 1.09886
118 123.468 0.563888 0.608886 0.64005
119 124.319 0.833465 0.608319 0.946919
120 124.918 0.586911 0.60792 0.667241
121 125.665 0.73221 0.607423 0.833109
122 126.367 0.688386 0.606955 0.783849
123 127.025 0.645484 0.606517 0.735529
124 127.791 0.751723 0.606007 0.857309
125 128.418 0.615544 0.605589 0.702487
126 129.167 0.735581 0.60509 0.84017
127 129.898 0.718177 0.604604 0.820952
128 130.454 0.546424 0.604233 0.625003
129 130.955 0.492501 0.6039 0.563637
130 131.599 0.633252 0.603471 0.725233
131 132.078 0.471133 0.603152 0.539851
132 132.501 0.416141 0.60287 0.477061
133 133.056 0.546126 0.6025 0.626459
134 133.56 0.496062 0.602165 0.569348
135 134.124 0.555252 0.601789 0.63768
136 134.857 0.721839 0.601301 0.829671
137 135.639 0.770347 0.60078 0.886193
138 136.254 0.606017 0.600371 0.697626
139 136.805 0.543084 0.600004 0.625562
140 137.288 0.476163 0.599682 0.548772
141 137.857 0.561065 0.599303 0.647029
142 138.543 0.676604 0.598846 0.780866
143 139.245 0.692573 0.598379 0.79992
144 140.267 1.00861 0.597698 1.16627
145 141.135 0.85693 0.59712 0.991839
146 141.509 0.369314 0.596871 0.427634
147 141.941 0.426649 0.596583 0.494262
148 142.683 0.732962 0.596089 0.849821
149 143.266 0.576032 0.595701 0.668307
150 143.929 0.655215 0.595259 0.760738
151 144.533 0.597035 0.594857 0.693657
152 145.116 0.57639 0.594469 0.670108
153 145.745 0.621991 0.59405 0.723633
154 146.264 0.513311 0.593704 0.597541
155 146.778 0.508448 0.593362 0.592222
156 147.342 0.558001 0.592986 0.650351
157 147.956 0.607578 0.592577 0.708621
158 148.698 0.734388 0.592083 0.857235
159 149.415 0.709796 0.591606 0.829198
160 150.093 0.671322 0.591154 0.784851
161 150.835 0.734838 0.59066 0.859827
162 151.323 0.483372 0.590335 0.565901
163 151.779 0.451733 0.590031 0.529132
164 152.229 0.445843 0.589732 0.522498
165 152.799 0.564811 0.589352 0.662347
166 153.325 0.521286 0.589002 0.611669
167 153.975 0.644271 0.588569 0.756534
168 154.556 0.575969 0.588182 0.676775
169 155.124 0.563161 0.587804 0.662151
170 155.494 0.36689 0.587558 0.431562
171 156.039 0.540478 0.587195 0.636141
172 156.571 0.527654 0.58684 0.621422
173 157.059 0.484071 0.586515 0.57041
174 157.646 0.582345 0.586124 0.686669
175 158.207 0.556624 0.585751 0.656759
176 158.57 0.360205 0.585509 0.42518
177 159.012 0.438636 0.585215 0.51802
178 159.494 0.47838 0.584894 0.565266
179 160.251 0.751414 0.58439 0.888656
180 160.964 0.707848 0.583915 0.837814
181 161.789 0.819168 0.583366 0.970486
182 162.809 1.01298 0.582686 1.2015
183 163.487 0.673443 0.582235 0.799392
184 164.07 0.579152 0.581847 0.687925
185 164.544 0.470918 0.581531 0.559667
186 165.221 0.67267 0.58108 0.800061
187 165.829 0.604182 0.580676 0.719104
188 166.337 0.50486 0.580337 0.60124
189 167.006 0.664934 0.579892 0.792481
190 167.49 0.481106 0.57957 0.57371
191 167.982 0.489099 0.579242 0.583571
192 168.634 0.648218 0.578808 0.774005
193 169.374 0.735792 0.578315 0.879322
194 169.93 0.552896 0.577945 0.661172
195 170.448 0.515152 0.5776 0.616404
196 170.923 0.472426 0.577284 0.56559
197 171.51 0.583866 0.576893 0.69948
198 171.96 0.447633 0.576593 0.536549
199 172.501 0.538194 0.576233 0.645502
200 172.964 0.460633 0.575925 0.552773
201 173.585 0.617874 0.575511 0.741999
202 174.125 0.537326 0.575152 0.645673
203 174.841 0.712518 0.574675 0.856901
204 175.437 0.593155 0.574278 0.713844
205 176.169 0.728572 0.573791 0.877558
206 176.647 0.4758 0.573473 0.573415
207 177.103 0.453929 0.573169 0.547347
208 177.713 0.607271 0.572763 0.732765
209 178.48 0.763635 0.572252 0.922265
210 179.158 0.675087 0.571801 0.815966
211 179.726 0.565602 0.571423 0.684086
212 180.229 0.500909 0.571088 0.606196
213 180.831 0.599536 0.570687 0.726063
214 181.401 0.567706 0.570308 0.687973
215 181.954 0.55081 0.569939 0.667929
216 182.594 0.637508 0.569513 0.77364
217 183.094 0.498085 0.56918 0.604799
218 183.658 0.561872 0.568805 0.682702
219 184.153 0.49316 0.568475 0.599561
220 184.793 0.63766 0.568049 0.775819
221 185.312 0.517133 0.567704 0.629561
222 185.973 0.658662 0.567264 0.802481
223 186.543 0.568019 0.566884 0.692509
224 187.132 0.586987 0.566492 0.71613
225 187.658 0.52423 0.566142 0.639961
226 188.23 0.570106 0.565761 0.696433
227 188.881 0.648881 0.565328 0.793271
228 189.317 0.434603 0.565038 0.531585
229 189.952 0.632996 0.564615 0.774829
230 190.638 0.683876 0.564158 0.837787
231 191.214 0.574248 0.563775 0.703965
232 191.715 0.499499 0.563441 0.612693
233 192.239 0.522453 0.563093 0.641246
234 192.989 0.747826 0.562593 0.918678
235 193.553 0.562396 0.562218 0.691345
236 194.125 0.570399 0.561837 0.701658
237 194.834 0.707051 0.561365 0.870487
238 195.424 0.588408 0.560973 0.724927
239 195.912 0.486704 0.560648 0.599974
240 196.495 0.581475 0.56026 0.717297
241 197.148 0.651321 0.559825 0.804081
242 197.686 0.53664 0.559467 0.662927
243 198.239 0.551624 0.559099 0.681886
244 198.74 0.499772 0.558765 0.618158
245 199.291 0.54967 0.558399 0.680323
246 199.91 0.61753 0.557987 0.764877
247 200.55 0.638507 0.557561 0.791463
248 201.019 0.467923 0.557249 0.58034
249 201.636 0.615605 0.556838 0.764066
250 202.131 0.493899 0.556508 0.613372
251 202.587 0.454999 0.556205 0.56537
252 203.139 0.550806 0.555838 0.68487
253 203.487 0.347257 0.555606 0.431958
254 203.923 0.435079 0.555316 0.541484
255 204.451 0.5269 0.554964 0.656176
256 204.869 0.417141 0.554686 0.519748
257 205.49 0.619742 0.554273 0.77276
258 205.998 0.506988 0.553935 0.632552
259 206.499 0.500016 0.553601 0.624229
260 207.113 0.612813 0.553193 0.765612
261 207.703 0.588879 0.5528 0.736233
262 208.375 0.670746 0.552353 0.839264
263 208.837 0.461152 0.552045 0.577333
264 209.446 0.607899 0.55164 0.76161
265 210.22 0.772628 0.551125 0.968897
266 210.93 0.708767 0.550653 0.889576
267 211.544 0.612954 0.550244 0.769892
268 211.994 0.449245 0.549945 0.564575
269 212.584 0.589025 0.549552 0.740768
270 213.338 0.752777 0.54905 0.94757
271 213.954 0.61502 0.54864 0.774745
272 214.537 0.582089 0.548252 0.73378
273 215.113 0.575114 0.547869 0.725495
274 215.757 0.643027 0.547441 0.811801
275 216.248 0.49027 0.547114 0.619319
276 216.922 0.673014 0.546666 0.850863
277 217.756 0.832806 0.546111 1.05395
278 218.423 0.666066 0.545667 0.84362
279 219.017 0.593183 0.545272 0.751853
280 219.544 0.526286 0.544921 0.667491
281 220.045 0.500331 0.544588 0.634961
282 220.533 0.487358 0.544263 0.618866
283 221.056 0.522322 0.543915 0.663689
284 221.465 0.408477 0.543643 0.519291
285 221.802 0.336573 0.543419 0.428057
286 222.429 0.626217 0.543002 0.797042
287 222.962 0.532345 0.542647 0.678005
288 223.646 0.683174 0.542192 0.870834
289 224.075 0.42849 0.541906 0.546479
290 224.583 0.507404 0.541569 0.647527
291 225.127 0.543372 0.541207 0.693891
292 225.699 0.57135 0.540826 0.730133
293 226.378 0.678242 0.540374 0.867455
294 227.121 0.742187 0.53988 0.950109
295 227.751 0.629324 0.539461 0.806253
296 228.248 0.496475 0.53913 0.636445
297 228.831 0.582394 0.538743 0.747124
298 229.515 0.683302 0.538288 0.877315
299 229.998 0.482515 0.537966 0.619888
300 230.632 0.633373 0.537545 0.814333
301 231.189 0.556459 0.537174 0.715938
302 231.608 0.418599 0.536895 0.538847
303 232.273 0.664373 0.536453 0.855928
304 232.755 0.481553 0.536133 0.620768
305 233.186 0.430605 0.535846 0.555388
306 233.768 0.581474 0.535459 0.750519
307 234.26 0.491562 0.535132 0.634856
308 234.733 0.472585 0.534817 0.610706
309 235.183 0.44961 0.534518 0.581341
310 235.728 0.544535 0.534155 0.704556
311 236.252 0.52356 0.533807 0.677859
312 236.698 0.44563 0.53351 0.577283
313 237.269 0.570533 0.53313 0.739613
314 237.8 0.530573 0.532777 0.688267
315 238.188 0.387692 0.532519 0.503163
316 238.771 0.582544 0.532132 0.756601
317 239.447 0.67548 0.531682 0.878047
318 240.02 0.572567 0.531301 0.744806
319 240.647 0.626534 0.530884 0.815647
320 241.211 0.563588 0.530509 0.73422
321 241.68 0.468663 0.530197 0.610915
322 242.378 0.697506 0.529733 0.910014
323 242.847 0.468674 0.529421 0.611824
324 243.459 0.611581 0.529014 0.798995
325 243.922 0.462688 0.528706 0.604827
326 244.409 0.486676 0.528383 0.636574
327 245.015 0.605603 0.52798 0.792735
328 245.555 0.539652 0.527621 0.706886
329 246.176 0.620606 0.527208 0.813564
330 246.524 0.347782 0.526976 0.456114
331 247.018 0.493695 0.526648 0.647882
332 247.599 0.580646 0.526262 0.762548
333 248.085 0.485709 0.525938 0.638261
334 248.55 0.464725 0.525629 0.611046
335 249.139 0.588657 0.525238 0.774575
336 249.903 0.763564 0.52473 1.0057
337 250.514 0.610658 0.524324 0.804926
338 251.276 0.761581 0.523817 1.00483
339 251.855 0.578688 0.523432 0.764084
340 252.455 0.599682 0.523033 0.792408
341 252.97 0.514731 0.522691 0.680601
342 253.591 0.620681 0.522278 0.821341
343 254.074 0.482756 0.521957 0.639219
344 254.746 0.671666 0.521511 0.890118
345 255.323 0.576718 0.521127 0.764851
346 255.818 0.494762 0.520798 0.656575
347 256.447 0.628702 0.52038 0.83499
348 256.907 0.459786 0.520074 0.611009
349 257.413 0.505768 0.519738 0.672549
350 257.958 0.544753 0.519376 0.724895
351 258.613 0.654709 0.51894 0.871943
352 258.964 0.350846 0.518707 0.467468
353 259.399 0.434811 0.518418 0.579666
354 259.982 0.582751 0.518031 0.777472
355 260.565 0.582755 0.517643 0.778059
356 261.094 0.528781 0.517292 0.706476
357 261.68 0.585761 0.516902 0.783194
358 262.099 0.418832 0.516624 0.560303
359 262.53 0.430829 0.516338 0.576671
360 263.069 0.538789 0.515979 0.721678
361 263.582 0.512802 0.515638 0.687324
362 264.064 0.481817 0.515318 0.646195
363 264.564 0.499813 0.514986 0.670763
364 265.021 0.456831 0.514682 0.613442
365 265.522 0.500817 0.514349 0.672943
366 265.91 0.38786 0.514092 0.521425
367 266.353 0.442842 0.513797 0.595682
368 266.898 0.544809 0.513435 0.733358
369 267.386 0.487831 0.513111 0.657075
370 267.849 0.462842 0.512804 0.623791
371 268.298 0.448849 0.512505 0.605284
372 268.831 0.532823 0.512151 0.719022
373 269.21 0.378876 0.511899 0.511528
374 269.61 0.39987 0.511634 0.540153
375 270.087 0.476847 0.511317 0.644535
376 270.657 0.56982 0.510938 0.770773
377 271.255 0.597815 0.510541 0.80927
378 271.662 0.406876 0.510271 0.551085
379 272.26 0.59782 0.509873 0.810336
380 272.66 0.399881 0.509608 0.542316
381 273.053 0.392885 0.509347 0.533101
382 273.75 0.696799 0.508884 0.946338
383 274.275 0.524851 0.508535 0.7133
384 274.993 0.7178 0.508058 0.976444
385 275.506 0.512859 0.507717 0.698125
386 275.944 0.437882 0.507427 0.596405
387 276.425 0.480872 0.507107 0.655371
388 276.971 0.545856 0.506745 0.744468
389 277.509 0.537861 0.506387 0.734082
390 278.023 0.513869 0.506046 0.70181
391 278.511 0.487877 0.505722 0.666739
392 279.044 0.532868 0.505368 0.728734
393 279.557 0.512875 0.505027 0.701865
394 280.222 0.66484 0.504586 0.910624
395 280.793 0.570865 0.504207 0.782496
396 281.319 0.525878 0.503857 0.721331
397 281.839 0.519881 0.503512 0.713594
398 282.372 0.53288 0.503158 0.731951
399 282.928 0.555877 0.502789 0.7641
400 283.387 0.4589 0.502485 0.631179
401 283.992 0.60487 0.502083 0.832614
402 284.502 0.509892 0.501744 0.702349
403 284.984 0.481899 0.501424 0.664214
404 285.461 0.476902 0.501108 0.657742
405 285.824 0.362926 0.500867 0.500787
406 286.367 0.542891 0.500506 0.749653
407 286.819 0.45191 0.500206 0.624396
408 287.399 0.579887 0.499821 0.801836
409 287.922 0.522899 0.499474 0.723539
410 288.414 0.491907 0.499148 0.6811
411 288.816 0.401925 0.498881 0.556808
412 289.416 0.599889 0.498483 0.831722
413 290.086 0.669879 0.498038 0.929589
414 290.606 0.519907 0.497693 0.721974
415 291.189 0.582898 0.497306 0.810077
416 291.684 0.494915 0.496978 0.688258
417 292.197 0.512913 0.496637 0.713776
418 292.675 0.47792 0.49632 0.665504
419 293.228 0.552909 0.495953 0.770496
420 293.68 0.451926 0.495653 0.630154
421 294.163 0.482922 0.495333 0.67381
422 294.733 0.56991 0.494954 0.79579
423 295.3 0.566912 0.494578 0.792206
424 295.734 0.433933 0.49429 0.606733
425 296.463 0.72889 0.493807 1.02015
426 296.881 0.417938 0.493529 0.58527
427 297.526 0.644906 0.493102 0.903894
428 297.908 0.381945 0.492848 0.535605
429 298.386 0.477932 0.492531 0.67064
430 298.904 0.517927 0.492187 0.727269
431 299.272 0.367949 0.491943 0.516928
432 299.703 0.430941 0.491657 0.605776
433 300.146 0.44294 0.491364 0.623016
434 300.648 0.501933 0.491031 0.706471
435 301.148 0.499934 0.490699 0.704133
436 301.617 0.468939 0.490388 0.660897
437 302.139 0.521933 0.490042 0.736103
438 302.81 0.670915 0.489597 0.947079
439 303.228 0.417948 0.48932 0.590319
440 303.579 0.350957 0.489087 0.495935
441 304.017 0.437947 0.488796 0.619228
442 304.571 0.553934 0.488429 0.783815
443 305.059 0.487942 0.488105 0.690895
444 305.716 0.656924 0.48767 0.930993
445 306.283 0.566935 0.487294 0.80408
446 306.822 0.53894 0.486937 0.764936
447 307.348 0.525942 0.486588 0.747023
448 307.868 0.519943 0.486243 0.739026
449 308.4 0.531943 0.48589 0.756631
450 308.881 0.480949 0.485572 0.684547
451 309.266 0.38496 0.485316 0.548211
452 309.743 0.476951 0.485 0.679656
453 310.239 0.49595 0.484671 0.707209
454 310.778 0.538946 0.484314 0.769087
455 311.189 0.410959 0.484042 0.586777
456 311.709 0.519949 0.483697 0.742924
457 312.279 0.569945 0.483319 0.814997
458 312.772 0.492953 0.482993 0.705379
459 313.292 0.519952 0.482648 0.744543
460 313.762 0.469957 0.482336 0.673388
461 314.245 0.482956 0.482016 0.692473
462 314.683 0.437961 0.481726 0.628337
463 315.177 0.493956 0.481399 0.709154
464 315.589 0.411964 0.481126 0.591777
465 316.172 0.58295 0.48074 0.838067
466 316.727 0.554953 0.480372 0.798428
467 317.208 0.48096 0.480053 0.692432
468 317.712 0.503959 0.479719 0.726048
469 318.092 0.379969 0.479467 0.547704
470 318.48 0.387969 0.47921 0.559536
471 318.89 0.409967 0.478939 0.591597
472 319.434 0.543957 0.478578 0.785541
473 320.013 0.578955 0.478195 0.836753
474 320.574 0.560957 0.477823 0.811371
475 321.122 0.547959 0.47746 0.793173
476 321.743 0.620954 0.477049 0.899609
477 322.226 0.482965 0.476729 0.700166
478 322.619 0.392972 0.476469 0.570012
479 323.068 0.448968 0.476172 0.651642
480 323.639 0.57096 0.475793 0.829363
481 324.235 0.595959 0.475399 0.866394
482 324.698 0.462969 0.475092 0.67349
483 325.165 0.466969 0.474783 0.679752
484 325.624 0.45897 0.474479 0.668536
485 326.011 0.386975 0.474223 0.563972
486 326.458 0.446971 0.473927 0.651816
487 326.85 0.391975 0.473667 0.571929
488 327.177 0.32698 0.473451 0.477313
489 327.62 0.442973 0.473158 0.647036
490 328.112 0.49197 0.472832 0.7191
491 328.547 0.434974 0.472544 0.636178
492 329.097 0.549967 0.47218 0.804983
493 329.512 0.414976 0.471905 0.607751
494 329.922 0.409976 0.471634 0.600774
495 330.385 0.462974 0.471327 0.678877
496 330.822 0.436975 0.471038 0.641147
497 331.343 0.520971 0.470693 0.76495
498 331.831 0.487973 0.47037 0.71699
499 332.228 0.396978 0.470108 0.583615
500 332.717 0.488974 0.469784 0.719358
501 333.129 0.411978 0.469511 0.606436
502 333.672 0.542972 0.469152 0.799873
503 334.278 0.605969 0.468751 0.89344
504 334.663 0.384981 0.468496 0.567924
505 335.068 0.40498 0.468228 0.597769
506 335.611 0.542973 0.467869 0.802068
507 336.062 0.450978 0.467571 0.6666
508 336.514 0.451978 0.467272 0.668506
509 336.977 0.462978 0.466965 0.685224
510 337.401 0.42398 0.466685 0.627883
511 337.78 0.378982 0.466434 0.561546
512 338.277 0.496977 0.466106 0.736901
513 338.628 0.350984 0.465873 0.520687
514 338.939 0.310986 0.465668 0.461553
515 339.29 0.350984 0.465436 0.521177
516 339.648 0.357984 0.465199 0.531842
517 340.146 0.497978 0.464869 0.740349
518 340.628 0.481979 0.464551 0.717055
519 341.058 0.429982 0.464266 0.640089
520 341.552 0.493979 0.46394 0.735875
521 342.093 0.540978 0.463582 0.806511
522 342.385 0.291988 0.463389 0.435488
523 343.037 0.651974 0.462958 0.973298
524 343.482 0.444982 0.462664 0.664713
525 343.921 0.438983 0.462373 0.656163
526 344.451 0.52998 0.462023 0.792781
527 345.085 0.633976 0.461604 0.949206
528 345.503 0.417984 0.461328 0.626192
529 345.885 0.381986 0.461075 0.572576
530 346.226 0.340988 0.46085 0.511372
531 346.642 0.415985 0.460575 0.624216
532 347.139 0.496982 0.460246 0.74629
533 347.551 0.411986 0.459974 0.619022
534 348.058 0.506982 0.459639 0.762312
535 348.482 0.423986 0.459359 0.637906
536 348.875 0.392987 0.459099 0.591601
537 349.302 0.426986 0.458817 0.643178
538 349.992 0.689977 0.458361 1.04036
539 350.48 0.487984 0.458039 0.73631
540 350.942 0.461985 0.457733 0.697545
541 351.618 0.675979 0.457287 1.02165
542 352.106 0.487985 0.456965 0.738042
543 352.596 0.489985 0.456641 0.741592
544 353.192 0.595982 0.456247 0.902797
545 353.586 0.393988 0.455987 0.597156
546 354.023 0.436987 0.455698 0.662748
547 354.454 0.430988 0.455414 0.654058
548 354.841 0.386989 0.455158 0.587616
549 355.329 0.487986 0.454836 0.741498
550 355.712 0.382989 0.454583 0.582278
551 356.286 0.573984 0.454204 0.873386
552 356.729 0.442988 0.453911 0.674494
553 357.113 0.38399 0.453658 0.58499
554 357.446 0.332991 0.453438 0.507542
555 357.979 0.532986 0.453086 0.813003
556 358.442 0.462988 0.452781 0.706707
557 358.841 0.39899 0.452517 0.609374
558 359.221 0.37999 0.452266 0.580678
559 359.79 0.568986 0.451891 0.870213
560 360.21 0.41999 0.451614 0.642731
561 360.715 0.504988 0.45128 0.773378
562 361.312 0.596986 0.450886 0.91507
563 361.849 0.536987 0.450532 0.82375
564 362.356 0.506988 0.450197 0.778309
565 362.803 0.44699 0.449902 0.686652
566 363.184 0.380991 0.449651 0.585594
567 363.646 0.46199 0.449346 0.710573
568 364.238 0.591987 0.448956 0.91131
569 364.557 0.318993 0.448745 0.491291
570 364.971 0.413991 0.448472 0.637988
571 365.363 0.391992 0.448213 0.604435
572 365.756 0.392992 0.447954 0.606328
573 366.252 0.49599 0.447627 0.765797
574 366.644 0.391992 0.447368 0.605577
575 367.075 0.430991 0.447084 0.666248
576 367.62 0.544989 0.446725 0.84315
577 367.849 0.228996 0.446574 0.354399
578 368.305 0.455991 0.446273 0.706176
579 368.831 0.52599 0.445926 0.815214
580 369.265 0.433992 0.44564 0.673061
581 369.755 0.489991 0.445317 0.760459
582 370.15 0.394993 0.445057 0.613383
583 370.543 0.392993 0.444798 0.610632
584 371.025 0.481991 0.44448 0.749453
585 371.449 0.423992 0.4442 0.659684
586 372.033 0.58399 0.443815 0.909411
587 372.497 0.463992 0.443509 0.723044
588 372.958 0.460992 0.443206 0.718862
589 373.369 0.410993 0.442935 0.641286
590 373.781 0.411993 0.442663 0.643241
591 374.179 0.397993 0.442401 0.621751
592 374.545 0.365994 0.44216 0.572074
593 374.93 0.384994 0.441906 0.602117
594 375.424 0.493992 0.441581 0.773156
595 375.887 0.462993 0.441276 0.72514
596 376.356 0.468993 0.440967 0.735052
597 376.824 0.467993 0.440658 0.733998
598 377.224 0.399994 0.440395 0.627724
599 377.75 0.525992 0.440048 0.826106
600 378.34 0.589991 0.43966 0.92744
601 378.797 0.456993 0.439359 0.718865
602 379.228 0.430994 0.439075 0.678406
603 379.785 0.556992 0.438708 0.877466
604 380.33 0.544992 0.438349 0.859265
605 380.767 0.436994 0.438062 0.689442
606 381.074 0.306996 0.437859 0.484569
607 381.56 0.485994 0.437539 0.767664
608 381.973 0.412995 0.437268 0.652762
609 382.309 0.335996 0.437046 0.531329
610 382.85 0.540993 0.43669 0.8562
611 383.563 0.712991 0.436221 1.12963
612 383.925 0.361996 0.435983 0.573841
613 384.596 0.670992 0.435541 1.06474
614 385.084 0.487994 0.43522 0.774931
615 385.528 0.443995 0.434928 0.705534
616 385.845 0.316996 0.434719 0.503967
617 386.296 0.450995 0.434422 0.717491
618 386.536 0.239997 0.434265 0.381952
619 386.911 0.374996 0.434018 0.59714
620 387.392 0.480995 0.433701 0.766491
621 388.087 0.694992 0.433244 1.10868
622 388.558 0.470995 0.432934 0.751885
623 389.078 0.519994 0.432592 0.830762
624 389.648 0.569994 0.432218 0.911434
625 390.157 0.508995 0.431883 0.814526
626 390.492 0.334997 0.431663 0.536357
627 391.15 0.657993 0.43123 1.05456
628 391.589 0.438996 0.430941 0.704044
629 392.178 0.588994 0.430554 0.945454
630 392.773 0.594994 0.430163 0.955954
631 393.255 0.481995 0.429846 0.774973
632 393.699 0.443996 0.429554 0.714362
633 394.068 0.368997 0.429312 0.594029
634 394.41 0.341997 0.429087 0.550851
635 394.878 0.467996 0.428779 0.754337
636 395.335 0.456996 0.428479 0.737123
637 395.849 0.513995 0.428141 0.829715
638 396.241 0.391997 0.427884 0.633161
639 396.549 0.307997 0.427681 0.497718
640 397.127 0.577995 0.427302 0.93486
641 397.452 0.324997 0.427088 0.525919
642 397.921 0.468996 0.42678 0.75949
643 398.372 0.450996 0.426484 0.730848
644 398.873 0.500996 0.426155 0.812501
645 399.421 0.547996 0.425795 0.889476
646 400.07 0.648995 0.425369 1.05447
647 400.394 0.323997 0.425156 0.526684
648 400.761 0.366997 0.424915 0.596922
649 401.198 0.436997 0.424628 0.711258
650 401.56 0.361997 0.42439 0.589517
651 401.909 0.348997 0.424161 0.568654
652 402.253 0.343997 0.423935 0.560805
653 402.728 0.474997 0.423624 0.77494
654 403.132 0.403997 0.423359 0.659519
655 403.482 0.349998 0.423129 0.571676
656 403.876 0.393997 0.42287 0.643936
657 404.305 0.428997 0.422589 0.701607
658 404.729 0.423997 0.42231 0.693886
659 405.09 0.360998 0.422074 0.591118
660 405.462 0.371998 0.42183 0.609482
661 405.982 0.519997 0.421488 0.852653
662 406.317 0.334998 0.421269 0.549592
663 406.868 0.550996 0.420907 0.904731
664 407.414 0.545997 0.420549 0.897286
665 407.753 0.338998 0.420327 0.557401
666 408.142 0.388998 0.420072 0.640002
667 408.551 0.408997 0.419803 0.673335
668 408.964 0.412997 0.419532 0.68036
669 409.287 0.322998 0.419321 0.532367
670 409.728 0.440997 0.419032 0.727355
671 410.165 0.436997 0.418745 0.72125
672 410.672 0.506997 0.418413 0.837448
673 411.223 0.550997 0.418051 0.910913
674 411.721 0.497997 0.417725 0.823936
675 412.102 0.380998 0.417475 0.630738
676 412.506 0.403998 0.417211 0.669239
677 412.855 0.348998 0.416982 0.578446
678 413.305 0.449998 0.416687 0.746376
679 413.875 0.569997 0.416313 0.946258
680 414.242 0.366998 0.416073 0.609609
681 414.597 0.354998 0.41584 0.590006
682 414.993 0.395998 0.415581 0.658559
683 415.371 0.377998 0.415333 0.628999
684 415.785 0.413998 0.415062 0.689354
685 416.083 0.297999 0.414867 0.496436
686 416.609 0.525997 0.414523 0.876985
687 416.951 0.341998 0.414299 0.570515
688 417.294 0.342998 0.414074 0.572494
689 417.718 0.423998 0.413796 0.708165
690 418.158 0.439998 0.413508 0.7354
691 418.564 0.405998 0.413242 0.67901
692 419.012 0.447998 0.412949 0.749785
693 419.323 0.310999 0.412746 0.520755
694 419.807 0.483998 0.412429 0.811058
695 420.296 0.488998 0.412109 0.820073
696 420.676 0.379998 0.41186 0.63766
697 421.025 0.348999 0.411632 0.585966
698 421.385 0.359998 0.411396 0.60478
699 421.831 0.445998 0.411104 0.749788
700 422.166 0.334999 0.410885 0.563482
701 422.587 0.420998 0.41061 0.708611
702 423.175 0.587998 0.410225 0.990629
703 423.625 0.449998 0.409931 0.758678
704 424.046 0.420998 0.409655 0.710262
705 424.355 0.308999 0.409453 0.521567
706 424.766 0.410998 0.409184 0.694189
707 425.227 0.460998 0.408883 0.779215
708 425.693 0.465998 0.408578 0.788254
709 426.082 0.388999 0.408324 0.658417
710 426.458 0.375999 0.408078 0.636797
711 426.868 0.409999 0.40781 0.694836
712 427.33 0.461998 0.407508 0.78354
713 427.735 0.404999 0.407243 0.687317
714 428.029 0.293999 0.407051 0.499176
715 428.597 0.567998 0.40668 0.965275
716 429.062 0.464998 0.406376 0.790825
717 429.589 0.526998 0.406032 0.897028
718 430.005 0.415999 0.40576 0.708566
719 430.324 0.318999 0.405552 0.543626
720 430.58 0.255999 0.405384 0.436444
721 430.984 0.403999 0.40512 0.689213
722 431.379 0.394999 0.404862 0.674288
723 431.653 0.273999 0.404683 0.467941
724 432.204 0.550998 0.404324 0.941842
725 432.686 0.481999 0.404009 0.824541
726 433.177 0.490999 0.403688 0.840604
727 433.583 0.405999 0.403423 0.695539
728 433.978 0.394999 0.403165 0.677127
729 434.369 0.390999 0.40291 0.670694
730 434.82 0.450999 0.402616 0.77418
731 435.26 0.439999 0.402329 0.755837
732 435.848 0.587998 0.401945 1.01104
733 436.203 0.354999 0.401713 0.610757
734 436.71 0.506999 0.401382 0.872984
735 437.247 0.536999 0.401032 0.925447
736 437.538 0.290999 0.400842 0.501736
737 437.938 0.399999 0.400581 0.690121
738 438.371 0.432999 0.400299 0.747584
739 438.902 0.530999 0.399953 0.917577
740 439.368 0.465999 0.399649 0.805868
741 439.75 0.381999 0.3994 0.661016
742 440.151 0.400999 0.399138 0.694348
743 440.541 0.389999 0.398884 0.675732
744 440.9 0.358999 0.39865 0.622385
745 441.261 0.360999 0.398414 0.626222
746 441.757 0.495999 0.398091 0.861104
747 442.117 0.359999 0.397856 0.625363
748 442.72 0.602999 0.397464 1.04852
749 443.196 0.475999 0.397153 0.828333
750 443.643 0.446999 0.396862 0.778438
751 444.027 0.383999 0.396612 0.669147
752 444.45 0.422999 0.396336 0.73762
753 444.81 0.359999 0.396102 0.628133
754 445.299 0.488999 0.395783 0.853901
755 445.674 0.374999 0.395539 0.655236
756 446.044 0.369999 0.395298 0.646894
757 446.43 0.385999 0.395047 0.675297
758 447.032 0.601999 0.394655 1.05423
759 447.443 0.410999 0.394387 0.720236
760 447.888 0.444999 0.394098 0.780391
761 448.23 0.341999 0.393875 0.6001
762 448.552 0.321999 0.393665 0.565307
763 448.957 0.404999 0.393402 0.7115
764 449.461 0.503999 0.393074 0.886161
765 449.884 0.422999 0.392799 0.744263
766 450.34 0.455999 0.392502 0.802933
767 450.622 0.281999 0.392319 0.496782
768 450.994 0.371999 0.392077 0.655735
769 451.272 0.277999 0.391896 0.490264
770 451.603 0.330999 0.39168 0.584053
771 452.06 0.456999 0.391383 0.806994
772 452.423 0.362999 0.391147 0.64139
773 452.771 0.347999 0.390921 0.615243
774 453.221 0.449999 0.390628 0.796169
775 453.62 0.398999 0.390369 0.706405
776 454.163 0.542999 0.390016 0.962219
777 454.573 0.409999 0.389749 0.727034
778 454.88 0.306999 0.38955 0.544667
779 455.262 0.381999 0.389302 0.678162
780 455.797 0.534999 0.388954 0.950631
781 456.176 0.378999 0.388708 0.673864
782 456.474 0.298 0.388514 0.530111
783 456.879 0.404999 0.388251 0.720939
784 457.251 0.371999 0.388009 0.662608
785 457.735 0.483999 0.387695 0.862803
786 458.165 0.429999 0.387416 0.767092
787 458.653 0.487999 0.387099 0.871273
788 459.037 0.383999 0.38685 0.686033
789 459.435 0.397999 0.386591 0.71152
790 459.909 0.473999 0.386283 0.848064
791 460.346 0.436999 0.386 0.782439
792 460.739 0.392999 0.385745 0.704123
793 461.11 0.370999 0.385504 0.665122
794 461.422 0.312 0.385301 0.559643
795 461.795 0.372999 0.385059 0.669479
796 462.214 0.418999 0.384788 0.752574
797 462.562 0.348 0.384562 0.625418
798 462.858 0.296 0.38437 0.53223
799 463.314 0.455999 0.384074 0.820552
800 463.744 0.429999 0.383795 0.774329
801 464.122 0.378 0.38355 0.681125
802 464.318 0.196 0.383423 0.353293
803 464.617 0.299 0.383229 0.539225
804 464.926 0.309 0.383029 0.557551
805 465.446 0.519999 0.382691 0.939098
806 466.122 0.675999 0.382253 1.22223
807 466.625 0.502999 0.381927 0.910214
808 466.984 0.359 0.381695 0.650033
809 467.364 0.38 0.381448 0.688502
810 467.824 0.459999 0.38115 0.834099
811 468.398 0.573999 0.380778 1.04183
812 468.716 0.318 0.380572 0.577493
813 469 0.284 0.380389 0.515998
814 469.257 0.257 0.380222 0.467146
815 469.733 0.475999 0.379914 0.865921
816 470.141 0.408 0.37965 0.742736
817 470.49 0.349 0.379424 0.635709
818 470.926 0.436 0.379141 0.794772
819 471.245 0.319 0.378935 0.581813
820 471.562 0.317 0.37873 0.578478
821 471.888 0.326 0.378519 0.595234
822 472.169 0.281 0.378337 0.513316
823 472.585 0.416 0.378068 0.760468
824 472.96 0.375 0.377825 0.685958
825 473.53 0.569999 0.377456 1.04367
826 473.926 0.396 0.3772 0.725572
827 474.387 0.461 0.376902 0.845337
828 474.66 0.273 0.376725 0.500836
829 474.935 0.275 0.376547 0.504743
830 475.208 0.273 0.376371 0.501307
831 475.537 0.329 0.376158 0.604481
832 475.973 0.436 0.375876 0.801676
833 476.303 0.33 0.375663 0.607118
834 476.856 0.553 0.375305 1.01835
835 477.34 0.484 0.374993 0.892031
836 477.674 0.334 0.374777 0.61593
837 478.116 0.442 0.374491 0.815714
838 478.466 0.35 0.374265 0.646318
839 479.044 0.578 0.373892 1.06841
840 479.342 0.298 0.373699 0.551127
841 479.697 0.355 0.37347 0.656947
842 480.141 0.444 0.373183 0.822277
843 480.62 0.479 0.372874 0.887832
844 481.025 0.405 0.372612 0.751199
845 481.42 0.395 0.372357 0.733153
846 481.785 0.365 0.372122 0.677899
847 482.039 0.254 0.371958 0.471952
848 482.43 0.391 0.371705 0.727001
849 482.733 0.303 0.37151 0.563676
850 483.034 0.301 0.371316 0.560248
851 483.356 0.322 0.371108 0.599671
852 483.873 0.517 0.370774 0.963692
853 484.223 0.35 0.370548 0.6528
854 484.575 0.352 0.370321 0.656933
855 485.065 0.49 0.370005 0.915262
856 485.541 0.476 0.369698 0.88985
857 486.072 0.531 0.369356 0.993589
858 486.481 0.409 0.369092 0.765853
859 486.873 0.392 0.36884 0.734523
860 487.215 0.342 0.368619 0.641217
861 487.684 0.469 0.368317 0.880052
862 488.034 0.35 0.368091 0.657158
863 488.359 0.325 0.367882 0.610565
864 488.598 0.239 0.367728 0.449188
865 488.824 0.226 0.367582 0.424924
866 489.17 0.346 0.36736 0.650942
867 489.549 0.379 0.367115 0.7135
868 489.869 0.32 0.366909 0.602766
869 490.213 0.344 0.366688 0.648364
870 490.575 0.362 0.366455 0.682724
871 490.958 0.383 0.366208 0.722816
872 491.234 0.276 0.36603 0.521134
873 491.541 0.307 0.365833 0.57998
874 491.986 0.445 0.365546 0.841346
875 492.29 0.304 0.365351 0.57507
876 492.714 0.424 0.365078 0.802671
877 493.157 0.443 0.364793 0.839295
878 493.459 0.302 0.364599 0.572465
879 493.837 0.378 0.364355 0.717008
880 494.29 0.453 0.364064 0.859959
881 494.645 0.355 0.363836 0.674342
882 495.108 0.463 0.363538 0.880214
883 495.433 0.325 0.363329 0.618216
884 495.797 0.364 0.363095 0.692849
885 496.279 0.482 0.362785 0.918237
886 496.644 0.365 0.362551 0.695795
887 496.928 0.284 0.362368 0.541659
888 497.232 0.304 0.362173 0.580116
889 497.582 0.35 0.361948 0.668312
890 498.056 0.474 0.361643 0.905848
891 498.391 0.335 0.361428 0.64059
892 498.681 0.29 0.361242 0.554826
893 499.217 0.536 0.360898 1.02645
894 499.613 0.396 0.360643 0.758883
895 499.918 0.305 0.360447 0.58481
896 500.247 0.329 0.360236 0.631198
897 500.658 0.411 0.359972 0.789096
898 501.001 0.343 0.359752 0.658943
899 501.437 0.436 0.359472 0.838259
900 501.828 0.391 0.359222 0.752266
901 502.096 0.268 0.35905 0.515867
902 502.537 0.441 0.358767 0.84954
903 502.918 0.381 0.358522 0.734457
904 503.373 0.455 0.35823 0.877821
905 503.729 0.356 0.358002 0.687261
906 504.166 0.437 0.357722 0.844293
907 504.615 0.449 0.357434 0.868176
908 505.04 0.425 0.357162 0.822397
909 505.355 0.315 0.35696 0.609886
910 505.759 0.404 0.356701 0.782771
911 506.222 0.463 0.356404 0.897833
912 506.591 0.369 0.356168 0.716027
913 506.932 0.341 0.355949 0.6621
914 507.285 0.353 0.355723 0.685835
915 507.527 0.242 0.355568 0.470381
916 507.914 0.387 0.35532 0.752746
917 508.259 0.345 0.355099 0.67147
918 508.563 0.304 0.354905 0.591996
919 508.862 0.299 0.354713 0.582574
920 509.257 0.395 0.35446 0.77017
921 509.561 0.304 0.354266 0.593064
922 509.993 0.432 0.353989 0.843433
923 510.308 0.315 0.353788 0.615354
924 510.617 0.309 0.35359 0.60397
925 510.995 0.378 0.353348 0.739343
926 511.336 0.341 0.35313 0.667386
927 511.609 0.273 0.352955 0.534564
928 512.098 0.489 0.352643 0.958365
929 512.439 0.341 0.352425 0.668722
930 512.794 0.355 0.352198 0.696625
931 513.044 0.25 0.352038 0.490804
932 513.327 0.283 0.351857 0.555876
933 513.653 0.326 0.351649 0.640717
934 514.077 0.424 0.351378 0.833967
935 514.367 0.29 0.351192 0.570703
936 514.704 0.337 0.350977 0.663603
937 515.027 0.323 0.350771 0.636409
938 515.5 0.473 0.350468 0.932759
939 515.899 0.399 0.350214 0.787403
940 516.317 0.418 0.349947 0.825528
941 516.71 0.393 0.349696 0.776711
942 517.034 0.324 0.349489 0.640721
943 517.427 0.393 0.349238 0.777729
944 517.814 0.387 0.348991 0.766397
945 518.148 0.334 0.348778 0.661843
946 518.615 0.467 0.34848 0.926182
947 518.975 0.36 0.34825 0.714444
948 519.327 0.352 0.348026 0.699019
949 519.712 0.385 0.34778 0.765091
950 520.204 0.492 0.347466 0.97861
951 520.553 0.349 0.347244 0.694621
952 520.799 0.246 0.347087 0.48984
953 521.126 0.327 0.346878 0.65152
954 521.524 0.398 0.346625 0.793562
955 521.881 0.357 0.346397 0.71228
956 522.268 0.387 0.346151 0.772686
957 522.574 0.306 0.345956 0.611305
958 522.736 0.162 0.345852 0.323729
959 522.953 0.217 0.345714 0.43381
960 523.271 0.318 0.345512 0.636095
961 523.71 0.439 0.345232 0.878842
962 523.983 0.273 0.345058 0.546799
963 524.332 0.349 0.344836 0.699472
964 524.688 0.356 0.344609 0.713971
965 525.067 0.379 0.344368 0.76063
966 525.49 0.423 0.344099 0.8496
967 525.98 0.49 0.343787 0.985063
968 526.454 0.474 0.343485 0.953734
969 526.933 0.479 0.343181 0.964651
970 527.233 0.3 0.34299 0.604501
971 527.58 0.347 0.342769 0.699657
972 527.995 0.415 0.342505 0.83741
973 528.305 0.31 0.342308 0.625895
974 528.616 0.311 0.34211 0.628277
975 529.047 0.431 0.341836 0.871397
976 529.426 0.379 0.341596 0.766804
977 529.772 0.346 0.341376 0.700488
978 530.091 0.319 0.341173 0.646209
979 530.383 0.292 0.340987 0.591836
980 530.724 0.341 0.340771 0.691591
981 531.025 0.301 0.34058 0.610808
982 531.311 0.286 0.340398 0.580679
983 531.634 0.323 0.340193 0.656197
984 532.021 0.387 0.339947 0.786786
985 532.319 0.298 0.339758 0.606183
986 532.617 0.298 0.339569 0.606521
987 533.045 0.428 0.339297 0.871808
988 533.596 0.551 0.338948 1.12351
989 533.894 0.298 0.338759 0.607972
990 534.218 0.324 0.338553 0.661417
991 534.381 0.163 0.33845 0.332852
992 534.601 0.22 0.33831 0.449433
993 534.902 0.301 0.338119 0.615253
994 535.25 0.348 0.337899 0.711787
995 535.489 0.239 0.337747 0.489062
996 535.76 0.271 0.337575 0.554825
997 536.143 0.383 0.337332 0.78469
998 536.448 0.305 0.337139 0.625242
999 536.79 0.342 0.336922 0.701542
1000 537.082 0.292 0.336737 0.599306
1001 537.41 0.328 0.33653 0.673609
1002 537.746 0.336 0.336317 0.690475
1003 538.219 0.473 0.336017 0.972875
1004 538.565 0.346 0.335798 0.712123
1005 538.895 0.33 0.335589 0.679616
1006 539.179 0.284 0.335409 0.585195
1007 539.465 0.286 0.335228 0.589634
1008 539.807 0.342 0.335012 0.705543
1009 540.159 0.352 0.334789 0.726656
1010 540.497 0.338 0.334575 0.698201
1011 540.831 0.334 0.334364 0.690374
1012 541.116 0.285 0.334183 0.58941
1013 541.489 0.373 0.333948 0.771948
1014 541.8 0.311 0.333751 0.644014
1015 542.22 0.42 0.333485 0.870422
1016 542.57 0.35 0.333264 0.725833
1017 542.887 0.317 0.333064 0.657793
1018 543.177 0.29 0.33288 0.602098
1019 543.486 0.309 0.332685 0.641922
1020 543.969 0.483 0.33238 1.00431
1021 544.288 0.319 0.332178 0.663708
1022 544.659 0.371 0.331944 0.772443
1023 544.99 0.331 0.331735 0.689595
1024 545.337 0.347 0.331516 0.723407
1025 545.728 0.391 0.331269 0.815743
1026 546.004 0.276 0.331095 0.576122
1027 546.391 0.387 0.33085 0.808419
1028 546.843 0.452 0.330565 0.945015
1029 547.144 0.301 0.330375 0.629675
1030 547.426 0.282 0.330197 0.590246
1031 547.686 0.26 0.330033 0.544469
1032 548.033 0.347 0.329814 0.727139
1033 548.356 0.323 0.329611 0.677265
1034 548.653 0.297 0.329423 0.623102
1035 548.971 0.318 0.329223 0.667567
1036 549.323 0.352 0.329001 0.73944
1037 549.575 0.252 0.328842 0.529628
1038 549.854 0.279 0.328666 0.586687
1039 550.26 0.406 0.32841 0.85441
1040 550.585 0.325 0.328205 0.684376
1041 550.971 0.386 0.327962 0.813431
1042 551.222 0.251 0.327804 0.529196
1043 551.554 0.332 0.327595 0.700419
1044 552.02 0.466 0.327302 0.984
1045 552.211 0.191 0.327181 0.403461
1046 552.532 0.321 0.326979 0.678488
1047 552.838 0.306 0.326787 0.647164
1048 553.172 0.334 0.326576 0.706836
1049 553.454 0.282 0.326399 0.597114
1050 553.785 0.331 0.326191 0.701316
1051 554.162 0.377 0.325954 0.799361
1052 554.41 0.248 0.325798 0.526091
1053 554.762 0.352 0.325576 0.747218
1054 555.165 0.403 0.325323 0.856146
1055 555.575 0.41 0.325065 0.871708
1056 556.052 0.477 0.324765 1.01509
1057 556.379 0.327 0.32456 0.696322
1058 556.704 0.325 0.324355 0.692499
1059 556.979 0.275 0.324183 0.586273
1060 557.29 0.311 0.323987 0.663422
1061 557.647 0.357 0.323763 0.762076
1062 558.058 0.411 0.323505 0.878048
1063 558.345 0.287 0.323325 0.61348
1064 558.634 0.289 0.323143 0.618102
1065 558.899 0.265 0.322977 0.567063
1066 559.209 0.31 0.322782 0.663757
1067 559.464 0.255 0.322622 0.546264
1068 559.787 0.323 0.32242 0.69237
1069 560.055 0.268 0.322252 0.574774
1070 560.325 0.27 0.322082 0.579368
1071 560.655 0.33 0.321875 0.708572
1072 561.044 0.389 0.321631 0.835889
1073 561.321 0.277 0.321458 0.595543
1074 561.562 0.241 0.321306 0.518388
1075 561.956 0.394 0.321059 0.848141
1076 562.33 0.374 0.320825 0.805676
1077 562.649 0.319 0.320625 0.687623
1078 562.886 0.237 0.320477 0.511104
1079 563.148 0.262 0.320312 0.565307
1080 563.531 0.383 0.320073 0.827004
1081 564.007 0.476 0.319774 1.02877
1082 564.343 0.336 0.319564 0.726672
1083 564.672 0.329 0.319358 0.711992
1084 565.091 0.419 0.319096 0.907507
1085 565.479 0.388 0.318853 0.841005
1086 565.756 0.277 0.31868 0.600735
1087 566.136 0.38 0.318442 0.824728
1088 566.47 0.334 0.318233 0.725368
1089 566.881 0.411 0.317976 0.893315
1090 567.182 0.301 0.317788 0.654616
1091 567.575 0.393 0.317542 0.855359
1092 567.961 0.386 0.317301 0.840763
1093 568.275 0.314 0.317105 0.68436
1094 568.601 0.326 0.316901 0.71097
1095 568.862 0.261 0.316738 0.569505
1096 569.172 0.31 0.316544 0.676838
1097 569.454 0.282 0.316368 0.616047
1098 569.784 0.33 0.316162 0.721376
1099 570.141 0.357 0.315939 0.780948
1100 570.49 0.349 0.315721 0.763975
1101 570.731 0.241 0.315571 0.52781
1102 571.057 0.326 0.315367 0.714428
1103 571.424 0.367 0.315138 0.804864
1104 571.647 0.223 0.314999 0.489275
1105 571.923 0.276 0.314827 0.605891
1106 572.163 0.24 0.314677 0.527112
1107 572.446 0.283 0.314501 0.621902
1108 572.836 0.39 0.314257 0.857702
1109 573.104 0.268 0.31409 0.589709
1110 573.338 0.234 0.313944 0.515134
1111 573.642 0.304 0.313755 0.669638
1112 574.094 0.452 0.313473 0.996541
1113 574.548 0.454 0.31319 1.00185
1114 574.908 0.36 0.312966 0.794991
1115 575.213 0.305 0.312776 0.673943
1116 575.575 0.362 0.312551 0.80047
1117 576.102 0.527 0.312223 1.16655
1118 576.458 0.356 0.312001 0.78859
1119 576.807 0.349 0.311784 0.773622
1120 577.201 0.394 0.311539 0.87406
1121 577.464 0.263 0.311375 0.583753
1122 577.678 0.214 0.311242 0.475196
1123 577.896 0.218 0.311106 0.484289
1124 578.338 0.442 0.310832 0.982776
1125 578.718 0.38 0.310595 0.845563
1126 578.982 0.264 0.310431 0.587754
1127 579.264 0.282 0.310256 0.628183
1128 579.548 0.284 0.310079 0.632998
1129 579.814 0.266 0.309914 0.593195
1130 580.156 0.342 0.309702 0.763202
1131 580.496 0.34 0.309491 0.759257
1132 580.82 0.324 0.309289 0.723998
1133 581.05 0.23 0.309146 0.514187
1134 581.386 0.336 0.308938 0.751667
1135 581.634 0.248 0.308784 0.555078
1136 581.954 0.32 0.308585 0.716691
1137 582.183 0.229 0.308443 0.513118
1138 582.527 0.344 0.30823 0.771332
1139 582.905 0.378 0.307995 0.848213
1140 583.205 0.3 0.307809 0.673592
1141 583.61 0.405 0.307558 0.910092
1142 583.862 0.252 0.307402 0.566567
1143 584.227 0.365 0.307176 0.821227
1144 584.584 0.357 0.306954 0.803807
1145 584.821 0.237 0.306807 0.533875
1146 585.122 0.301 0.306621 0.678456
1147 585.489 0.367 0.306394 0.827835
1148 585.904 0.415 0.306137 0.936893
1149 586.116 0.212 0.306005 0.478811
1150 586.497 0.381 0.305769 0.861169
1151 586.83 0.333 0.305563 0.753183
1152 587.235 0.405 0.305313 0.916785
1153 587.495 0.26 0.305152 0.588864
1154 587.779 0.284 0.304976 0.643591
1155 588.072 0.293 0.304795 0.664381
1156 588.454 0.382 0.304558 0.866862
1157 588.756 0.302 0.304372 0.685741
1158 589.001 0.245 0.30422 0.55659
1159 589.254 0.253 0.304064 0.57506
1160 589.535 0.281 0.30389 0.639068
1161 589.786 0.251 0.303735 0.571132
1162 590.103 0.317 0.303539 0.721775
1163 590.437 0.334 0.303333 0.761
1164 590.76 0.323 0.303133 0.736421
1165 591.14 0.38 0.302899 0.867049
1166 591.383 0.243 0.302748 0.55473
1167 591.729 0.346 0.302535 0.79042
1168 592.028 0.299 0.30235 0.683468
1169 592.411 0.383 0.302114 0.876164
1170 592.622 0.211 0.301984 0.482899
1171 592.962 0.34 0.301774 0.778672
1172 593.357 0.395 0.30153 0.905364
1173 593.597 0.24 0.301382 0.550365
1174 593.873 0.276 0.301212 0.633277
1175 594.253 0.38 0.300978 0.872582
1176 594.59 0.337 0.30077 0.774377
1177 595.004 0.414 0.300515 0.952119
1178 595.347 0.343 0.300304 0.789388
1179 595.742 0.395 0.30006 0.9098
1180 596.107 0.365 0.299836 0.841331
1181 596.442 0.335 0.299629 0.772712
1182 596.732 0.29 0.299451 0.669314
1183 597.051 0.319 0.299254 0.736728
1184 597.33 0.279 0.299083 0.644718
1185 597.672 0.342 0.298872 0.790856
1186 597.922 0.25 0.298719 0.578409
1187 598.217 0.295 0.298537 0.682938
1188 598.686 0.469 0.298249 1.0868
1189 599.018 0.332 0.298045 0.769864
1190 599.286 0.268 0.29788 0.6218
1191 599.618 0.332 0.297676 0.770818
1192 599.936 0.318 0.29748 0.738799
1193 600.342 0.406 0.297231 0.944038
1194 600.699 0.357 0.297012 0.830715
1195 600.982 0.283 0.296838 0.658907
1196 601.376 0.394 0.296596 0.918096
1197 601.71 0.334 0.296391 0.778823
1198 602.103 0.393 0.29615 0.917146
1199 602.515 0.412 0.295897 0.962308
1200 602.94 0.425 0.295636 0.993547
1201 603.218 0.278 0.295466 0.650272
1202 603.534 0.316 0.295272 0.739643
1203 603.99 0.456 0.294993 1.06834
1204 604.413 0.423 0.294733 0.991901
1205 604.71 0.297 0.294551 0.696872
1206 605.029 0.319 0.294356 0.748989
1207 605.414 0.385 0.29412 0.904676
1208 605.696 0.282 0.293947 0.663035
1209 605.993 0.297 0.293766 0.698736
1210 606.215 0.222 0.29363 0.522529
1211 606.586 0.371 0.293403 0.873911
1212 607.022 0.436 0.293136 1.02796
1213 607.293 0.271 0.29297 0.639298
1214 607.693 0.4 0.292725 0.944402
1215 607.985 0.292 0.292547 0.689834
1216 608.302 0.317 0.292353 0.749392
1217 608.671 0.369 0.292127 0.872994
1218 608.963 0.292 0.291949 0.691247
1219 609.349 0.386 0.291713 0.91451
1220 609.556 0.207 0.291587 0.490637
1221 609.888 0.332 0.291384 0.787462
1222 610.238 0.35 0.29117 0.830765
1223 610.591 0.353 0.290955 0.838507
1224 610.855 0.264 0.290794 0.627446
1225 611.094 0.239 0.290648 0.568314
1226 611.462 0.368 0.290423 0.875737
1227 611.722 0.26 0.290264 0.619066
1228 611.961 0.239 0.290119 0.56935
1229 612.298 0.337 0.289913 0.803377
1230 612.527 0.229 0.289774 0.546178
1231 612.831 0.304 0.289588 0.725521
1232 613.135 0.304 0.289403 0.725985
1233 613.454 0.319 0.289209 0.762319
1234 613.763 0.309 0.28902 0.738903
1235 614.159 0.396 0.288779 0.947735
1236 614.501 0.342 0.288571 0.819089
1237 614.693 0.192 0.288454 0.460026
1238 615.041 0.348 0.288242 0.83441
1239 615.496 0.455 0.287965 1.09202
1240 615.774 0.278 0.287796 0.667602
1241 616.151 0.377 0.287567 0.906067
1242 616.401 0.25 0.287414 0.601158
1243 616.711 0.31 0.287226 0.745925
1244 617.036 0.325 0.287028 0.782557
1245 617.397 0.361 0.286809 0.869905
1246 617.704 0.307 0.286622 0.740262
1247 617.935 0.231 0.286482 0.557278
1248 618.193 0.258 0.286325 0.622755
1249 618.512 0.319 0.286131 0.770517
1250 618.708 0.196 0.286012 0.473618
1251 619.007 0.299 0.285831 0.722968
1252 619.386 0.379 0.285601 0.917143
1253 619.664 0.278 0.285432 0.673131
1254 620.009 0.345 0.285223 0.835973
1255 620.248 0.239 0.285078 0.579418
1256 620.477 0.229 0.284939 0.555445
1257 620.705 0.228 0.2848 0.553288
1258 620.981 0.276 0.284633 0.670164
1259 621.306 0.325 0.284436 0.789689
1260 621.534 0.228 0.284298 0.554266
1261 621.772 0.238 0.284154 0.57887
1262 622.098 0.326 0.283956 0.793458
1263 622.298 0.2 0.283835 0.486992
1264 622.646 0.348 0.283624 0.847995
1265 622.876 0.23 0.283485 0.560732
1266 623.173 0.297 0.283305 0.724535
1267 623.51 0.337 0.283101 0.822708
1268 623.811 0.301 0.282919 0.735296
1269 624.028 0.217 0.282787 0.530343
1270 624.293 0.265 0.282627 0.648022
1271 624.574 0.281 0.282457 0.687561
1272 624.872 0.298 0.282277 0.729623
1273 625.161 0.289 0.282102 0.708026
1274 625.39 0.229 0.281964 0.561306
1275 625.703 0.313 0.281774 0.767715
1276 625.92 0.217 0.281643 0.532498
1277 626.211 0.291 0.281467 0.714533
1278 626.428 0.217 0.281336 0.533079
1279 626.632 0.204 0.281213 0.501363
1280 626.809 0.177 0.281106 0.435171
1281 627.074 0.265 0.280946 0.651899
1282 627.405 0.331 0.280746 0.814838
1283 627.709 0.304 0.280563 0.748861
1284 627.901 0.192 0.280447 0.47316
1285 628.178 0.277 0.28028 0.683039
1286 628.47 0.292 0.280103 0.72048
1287 628.789 0.319 0.279911 0.78764
1288 629.121 0.332 0.279711 0.820325
1289 629.42 0.299 0.27953 0.739264
1290 629.705 0.285 0.279359 0.705083
1291 630.021 0.316 0.279168 0.782309
1292 630.281 0.26 0.279012 0.644033
1293 630.541 0.26 0.278855 0.644395
1294 630.841 0.3 0.278674 0.744015
1295 631.108 0.267 0.278513 0.662556
1296 631.377 0.269 0.278351 0.667907
1297 631.621 0.244 0.278205 0.606154
1298 631.886 0.265 0.278045 0.658701
1299 632.227 0.341 0.27784 0.848237
1300 632.559 0.332 0.27764 0.826444
1301 632.843 0.284 0.277469 0.707393
1302 633.102 0.259 0.277313 0.645485
1303 633.406 0.304 0.277131 0.758134
1304 633.704 0.298 0.276952 0.743652
1305 634.103 0.399 0.276712 0.996558
1306 634.426 0.323 0.276518 0.807304
1307 634.667 0.241 0.276373 0.602669
1308 634.899 0.232 0.276234 0.580455
1309 635.21 0.311 0.276047 0.778637
1310 635.495 0.285 0.275876 0.713984
1311 635.786 0.291 0.275701 0.729477
1312 636.274 0.488 0.275408 1.22462
1313 636.548 0.274 0.275244 0.688003
1314 636.826 0.278 0.275077 0.69847
1315 637.08 0.254 0.274925 0.638524
1316 637.387 0.307 0.274741 0.772276
1317 637.679 0.292 0.274566 0.735011
1318 637.97 0.291 0.274391 0.732959
1319 638.304 0.334 0.274191 0.84188
1320 638.584 0.28 0.274023 0.7062
1321 638.851 0.267 0.273864 0.673805
1322 639.153 0.302 0.273683 0.762635
1323 639.576 0.423 0.27343 1.06918
1324 639.825 0.249 0.273281 0.629721
1325 640.129 0.304 0.273099 0.769328
1326 640.331 0.202 0.272978 0.511424
1327 640.561 0.23 0.27284 0.582608
1328 640.857 0.296 0.272663 0.750278
1329 641.039 0.182 0.272554 0.461504
1330 641.288 0.249 0.272406 0.631743
1331 641.634 0.346 0.272199 0.878511
1332 642.002 0.368 0.271979 0.935125
1333 642.248 0.246 0.271832 0.625449
1334 642.456 0.208 0.271708 0.529077
1335 642.709 0.253 0.271557 0.643898
1336 643.007 0.298 0.271379 0.758923
1337 643.33 0.323 0.271186 0.823176
1338 643.608 0.278 0.27102 0.708926
1339 643.85 0.242 0.270876 0.617451
1340 644.072 0.222 0.270743 0.566699
1341 644.383 0.311 0.270558 0.794434
1342 644.718 0.335 0.270358 0.856373
1343 644.999 0.281 0.27019 0.718776
1344 645.34 0.341 0.269987 0.872908
1345 645.589 0.249 0.269839 0.637752
1346 645.8 0.211 0.269713 0.540677
1347 646.099 0.299 0.269535 0.766678
1348 646.435 0.336 0.269335 0.862192
1349 646.835 0.4 0.269097 1.02733
1350 647.082 0.247 0.26895 0.634721
1351 647.376 0.294 0.268775 0.75599
1352 647.63 0.254 0.268624 0.653501
1353 647.975 0.345 0.268419 0.888308
1354 648.234 0.259 0.268265 0.667258
1355 648.463 0.229 0.268128 0.590269
1356 648.684 0.221 0.267997 0.569927
1357 648.983 0.299 0.267819 0.77159
1358 649.274 0.291 0.267646 0.75143
1359 649.56 0.286 0.267477 0.738988
1360 649.856 0.296 0.267301 0.76533
1361 650.282 0.426 0.267048 1.1025
1362 650.609 0.327 0.266854 0.846899
1363 650.937 0.328 0.266659 0.850109
1364 651.236 0.299 0.266482 0.775463
1365 651.383 0.147 0.266395 0.381372
1366 651.566 0.183 0.266286 0.474963
1367 651.755 0.189 0.266174 0.490742
1368 652.032 0.277 0.26601 0.71968
1369 652.29 0.258 0.265857 0.670701
1370 652.534 0.244 0.265712 0.634652
1371 652.756 0.222 0.265581 0.577715
1372 652.98 0.224 0.265448 0.583211
1373 653.432 0.452 0.26518 1.17803
1374 653.8 0.368 0.264962 0.959889
1375 654.19 0.39 0.264731 1.01816
1376 654.471 0.281 0.264565 0.734059
1377 654.792 0.321 0.264375 0.839153
1378 655.001 0.209 0.264252 0.54662
1379 655.291 0.29 0.26408 0.758961
1380 655.615 0.324 0.263889 0.848558
1381 655.856 0.241 0.263746 0.631521
1382 656.005 0.149 0.263658 0.390573
1383 656.194 0.189 0.263547 0.495635
1384 656.427 0.233 0.263409 0.61134
1385 656.642 0.215 0.263282 0.564384
1386 656.864 0.222 0.263151 0.58305
1387 657.156 0.292 0.262978 0.767397
1388 657.397 0.241 0.262836 0.633708
1389 657.691 0.294 0.262663 0.773582
1390 657.885 0.194 0.262548 0.510681
1391 658.179 0.294 0.262375 0.774431
1392 658.493 0.314 0.262189 0.827697
1393 658.716 0.223 0.262058 0.588118
1394 658.83 0.114 0.261991 0.30073
1395 659.118 0.288 0.261821 0.76023
1396 659.376 0.258 0.261669 0.681436
1397 659.584 0.208 0.261546 0.549632
1398 659.86 0.276 0.261384 0.729773
1399 660.173 0.313 0.261199 0.828189
1400 660.385 0.212 0.261075 0.561214
1401 660.678 0.293 0.260902 0.776153
1402 660.987 0.309 0.26072 0.819108
1403 661.226 0.239 0.26058 0.633891
1404 661.559 0.333 0.260384 0.883869
1405 661.824 0.265 0.260228 0.7038
1406 662.064 0.24 0.260087 0.63775
1407 662.349 0.285 0.259919 0.757816
1408 662.648 0.299 0.259743 0.79558
1409 662.916 0.268 0.259586 0.713528
1410 663.19 0.274 0.259425 0.729955
1411 663.451 0.261 0.259272 0.695733
1412 663.642 0.191 0.25916 0.509358
1413 663.957 0.315 0.258975 0.840641
1414 664.268 0.311 0.258792 0.830552
1415 664.547 0.279 0.258628 0.745565
1416 664.812 0.265 0.258473 0.708579
1417 665.13 0.318 0.258286 0.850909
1418 665.39 0.26 0.258134 0.696122
1419 665.665 0.275 0.257973 0.736743
1420 665.975 0.31 0.257791 0.831096
1421 666.354 0.379 0.257569 1.01696
1422 666.571 0.217 0.257442 0.582556
1423 666.781 0.21 0.257319 0.564034
1424 667.027 0.246 0.257175 0.661095
1425 667.262 0.235 0.257037 0.631872
1426 667.534 0.272 0.256878 0.731811
1427 667.722 0.188 0.256768 0.506028
1428 668.057 0.335 0.256572 0.902387
1429 668.378 0.321 0.256384 0.865308
1430 668.665 0.287 0.256216 0.774162
1431 668.924 0.259 0.256065 0.699047
1432 669.203 0.279 0.255902 0.753508
1433 669.375 0.172 0.255801 0.464711
1434 669.584 0.209 0.255679 0.564947
1435 669.907 0.323 0.255491 0.873745
1436 670.23 0.323 0.255302 0.87439
1437 670.522 0.292 0.255132 0.790999
1438 670.83 0.308 0.254952 0.834929
1439 671.189 0.359 0.254742 0.973981
1440 671.373 0.184 0.254635 0.499409
1441 671.677 0.304 0.254458 0.825686
1442 671.982 0.305 0.25428 0.828981
1443 672.277 0.295 0.254108 0.802344
1444 672.539 0.262 0.253955 0.713019
1445 672.875 0.336 0.25376 0.915111
1446 673.097 0.222 0.25363 0.604935
1447 673.491 0.394 0.253401 1.0746
1448 673.738 0.247 0.253257 0.67405
1449 674.015 0.277 0.253096 0.7564
1450 674.304 0.289 0.252928 0.789693
1451 674.614 0.31 0.252748 0.84768
1452 674.873 0.259 0.252597 0.708645
1453 675.162 0.289 0.252429 0.791254
1454 675.4 0.238 0.252291 0.651978
1455 675.711 0.311 0.25211 0.852565
1456 675.932 0.221 0.251982 0.606151
1457 676.173 0.241 0.251842 0.661374
1458 676.446 0.273 0.251683 0.749663
1459 676.674 0.228 0.251551 0.626421
1460 676.921 0.247 0.251407 0.67901
1461 677.25 0.329 0.251216 0.905118
1462 677.489 0.239 0.251078 0.65788
1463 677.786 0.297 0.250905 0.818095
1464 678.016 0.23 0.250772 0.633878
1465 678.293 0.277 0.250612 0.763899
1466 678.47 0.177 0.250509 0.488323
1467 678.646 0.176 0.250407 0.485762
1468 679.006 0.36 0.250198 0.994432
1469 679.26 0.254 0.250051 0.70204
1470 679.523 0.263 0.249899 0.727358
1471 679.805 0.282 0.249736 0.780415
1472 680.074 0.269 0.24958 0.744903
1473 680.384 0.31 0.249401 0.859055
1474 680.693 0.309 0.249222 0.856898
1475 680.95 0.257 0.249073 0.713121
1476 681.159 0.209 0.248953 0.580212
1477 681.413 0.254 0.248806 0.705554
1478 681.693 0.28 0.248644 0.778283
1479 681.93 0.237 0.248507 0.659124
1480 682.23 0.3 0.248334 0.834916
1481 682.489 0.259 0.248184 0.721245
1482 682.699 0.21 0.248063 0.585079
1483 682.899 0.2 0.247948 0.557477
1484 683.175 0.276 0.247788 0.769813
1485 683.514 0.339 0.247593 0.946278
1486 683.761 0.247 0.24745 0.689868
1487 684.08 0.319 0.247266 0.891626
1488 684.433 0.353 0.247063 0.987471
1489 684.71 0.277 0.246903 0.775372
1490 684.95 0.24 0.246765 0.672179
1491 685.267 0.317 0.246583 0.888493
1492 685.606 0.339 0.246387 0.950908
1493 685.856 0.25 0.246243 0.701669
1494 686.072 0.216 0.246119 0.606549
1495 686.292 0.22 0.245993 0.618099
1496 686.54 0.248 0.24585 0.69717
1497 686.664 0.124 0.245779 0.348686
1498 686.857 0.193 0.245668 0.542958
1499 687.077 0.22 0.245541 0.619235
1500 687.309 0.232 0.245408 0.653366
1501 687.562 0.253 0.245262 0.71293
1502 687.76 0.198 0.245149 0.558204
1503 688.016 0.256 0.245002 0.722151
1504 688.336 0.32 0.244818 0.903366
1505 688.649 0.313 0.244638 0.884254
1506 688.835 0.186 0.244532 0.525697
1507 689.078 0.243 0.244392 0.687189
1508 689.332 0.254 0.244246 0.718725
1509 689.545 0.213 0.244124 0.603012
1510 689.854 0.309 0.243947 0.875427
1511 690.17 0.316 0.243766 0.895924
1512 690.442 0.272 0.24361 0.771669
1513 690.676 0.234 0.243476 0.664227
1514 690.923 0.247 0.243335 0.701537
1515 691.215 0.292 0.243167 0.829917
1516 691.5 0.285 0.243004 0.810566
1517 691.715 0.215 0.242881 0.611789
1518 691.964 0.249 0.242739 0.708953
1519 692.241 0.277 0.24258 0.78919
1520 692.484 0.243 0.242441 0.692718
1521 692.792 0.308 0.242265 0.878652
1522 693.202 0.41 0.242031 1.17077
1523 693.494 0.292 0.241864 0.834389
1524 693.709 0.215 0.241741 0.614674
1525 694.013 0.304 0.241568 0.869745
1526 694.292 0.279 0.241409 0.798746
1527 694.585 0.293 0.241241 0.839408
1528 694.878 0.293 0.241074 0.83999
1529 695.186 0.308 0.240899 0.883637
1530 695.447 0.261 0.24075 0.749259
1531 695.757 0.31 0.240573 0.890578
1532 696.055 0.298 0.240403 0.856709
1533 696.326 0.271 0.240249 0.779588
1534 696.554 0.228 0.240119 0.656244
1535 696.885 0.331 0.239931 0.953454
1536 697.165 0.28 0.239771 0.807083
1537 697.47 0.305 0.239598 0.879781
1538 697.691 0.221 0.239472 0.637815
1539 697.956 0.265 0.239321 0.765282
1540 698.285 0.329 0.239134 0.950848
1541 698.599 0.314 0.238956 0.908174
1542 698.88 0.281 0.238796 0.813273
1543 699.12 0.24 0.23866 0.695007
1544 699.394 0.274 0.238504 0.793984
1545 699.666 0.272 0.23835 0.788699
1546 699.929 0.263 0.238201 0.76308
1547 700.091 0.162 0.238109 0.470216
1548 700.369 0.278 0.237951 0.807448
1549 700.692 0.323 0.237768 0.938873
1550 700.994 0.302 0.237597 0.878464
1551 701.146 0.152 0.23751 0.442301
1552 701.381 0.235 0.237377 0.684204
1553 701.672 0.291 0.237212 0.847838
1554 701.958 0.286 0.237051 0.833839
1555 702.224 0.266 0.2369 0.776022
1556 702.433 0.209 0.236782 0.610036
1557 702.712 0.279 0.236624 0.814898
1558 702.96 0.248 0.236483 0.724783
1559 703.229 0.269 0.236331 0.786662
1560 703.487 0.258 0.236185 0.75496
1561 703.734 0.247 0.236046 0.723199
1562 704.005 0.271 0.235893 0.793984
1563 704.254 0.249 0.235752 0.729963
1564 704.679 0.425 0.235512 1.24719
1565 705.015 0.336 0.235322 0.986809
1566 705.255 0.24 0.235187 0.70527
1567 705.585 0.33 0.235001 0.970514
1568 705.835 0.25 0.23486 0.735679
1569 706.072 0.237 0.234726 0.697821
1570 706.354 0.282 0.234567 0.830882
1571 706.534 0.18 0.234466 0.530579
1572 706.753 0.219 0.234342 0.645878
1573 707.02 0.267 0.234192 0.787946
1574 707.219 0.199 0.23408 0.587552
1575 707.539 0.32 0.2339 0.945535
1576 707.767 0.228 0.233771 0.674063
1577 707.995 0.228 0.233643 0.674433
1578 708.192 0.197 0.233532 0.583011
1579 708.407 0.215 0.233411 0.63661
1580 708.604 0.197 0.233301 0.58359
1581 708.832 0.228 0.233172 0.675795
1582 709.227 0.395 0.232951 1.1719
1583 709.465 0.238 0.232817 0.706512
1584 709.724 0.259 0.232671 0.769332
1585 709.989 0.265 0.232523 0.787658
1586 710.287 0.298 0.232355 0.886382
1587 710.541 0.254 0.232213 0.75597
1588 710.769 0.228 0.232085 0.678961
1589 711.094 0.325 0.231903 0.968578
1590 711.272 0.178 0.231803 0.530711
1591 711.449 0.177 0.231704 0.527956
1592 711.645 0.196 0.231594 0.584906
1593 711.849 0.204 0.23148 0.609081
1594 712.115 0.266 0.231331 0.794705
1595 712.33 0.215 0.23121 0.642671
1596 712.584 0.254 0.231068 0.759716
1597 712.845 0.261 0.230922 0.781147
1598 713.099 0.254 0.23078 0.760664
1599 713.362 0.263 0.230633 0.78812
1600 713.585 0.223 0.230508 0.668615
1601 713.798 0.213 0.230389 0.638962
1602 714.069 0.271 0.230237 0.813487
1603 714.341 0.272 0.230086 0.817028
1604 714.642 0.301 0.229917 0.904799
1605 714.828 0.186 0.229814 0.559364
1606 714.981 0.153 0.229728 0.460293
1607 715.14 0.159 0.229639 0.478529
1608 715.385 0.245 0.229503 0.737795
1609 715.622 0.237 0.22937 0.714115
1610 715.84 0.218 0.229249 0.657214
1611 716.041 0.201 0.229137 0.606259
1612 716.366 0.325 0.228956 0.981046
1613 716.797 0.431 0.228715 1.30238
1614 717.015 0.218 0.228594 0.659096
1615 717.267 0.252 0.228454 0.762359
1616 717.587 0.32 0.228276 0.968831
1617 717.763 0.176 0.228178 0.533086
1618 718.002 0.239 0.228045 0.724328
1619 718.292 0.29 0.227883 0.879514
1620 718.51 0.218 0.227762 0.661504
1621 718.784 0.274 0.22761 0.831988
1622 719.129 0.345 0.227418 1.04846
1623 719.431 0.302 0.22725 0.918459
1624 719.652 0.221 0.227128 0.67248
1625 719.94 0.288 0.226968 0.876972
1626 720.19 0.25 0.226829 0.761726
1627 720.402 0.212 0.226711 0.646279
1628 720.632 0.23 0.226584 0.701546
1629 720.869 0.237 0.226452 0.723317
1630 721.132 0.263 0.226307 0.803186
1631 721.434 0.302 0.226139 0.922972
1632 721.665 0.231 0.226011 0.706381
1633 721.838 0.173 0.225915 0.529246
1634 722.036 0.198 0.225806 0.606021
1635 722.266 0.23 0.225678 0.704361
1636 722.446 0.18 0.225579 0.551482
1637 722.641 0.195 0.225471 0.597725
1638 722.848 0.207 0.225356 0.63483
1639 723.04 0.192 0.22525 0.589106
1640 723.31 0.27 0.225101 0.82898
1641 723.513 0.203 0.224989 0.623581
1642 723.711 0.198 0.224879 0.608518
1643 724.048 0.337 0.224693 1.03657
1644 724.251 0.203 0.224581 0.624713
1645 724.431 0.18 0.224482 0.554178
1646 724.675 0.244 0.224347 0.75167
1647 724.856 0.181 0.224247 0.55784
1648 725.04 0.184 0.224145 0.567342
1649 725.247 0.207 0.224031 0.638585
1650 725.481 0.234 0.223902 0.722295
1651 725.627 0.146 0.223822 0.450825
1652 725.83 0.203 0.22371 0.627146
1653 726.135 0.305 0.223542 0.942971
1654 726.352 0.217 0.223422 0.67126
1655 726.558 0.206 0.223309 0.637557
1656 726.805 0.247 0.223173 0.764915
1657 727.059 0.254 0.223033 0.787086
1658 727.35 0.291 0.222873 0.902388
1659 727.566 0.216 0.222754 0.670171
1660 727.769 0.203 0.222642 0.630153
1661 728.02 0.251 0.222504 0.779637
1662 728.241 0.221 0.222383 0.686829
1663 728.482 0.241 0.22225 0.749431
1664 728.653 0.171 0.222156 0.531979
1665 728.831 0.178 0.222059 0.554
1666 729.046 0.215 0.221941 0.669513
1667 729.274 0.228 0.221815 0.710396
1668 729.512 0.238 0.221685 0.74199
1669 729.741 0.229 0.221559 0.714337
1670 729.994 0.253 0.22142 0.789696
1671 730.188 0.194 0.221314 0.605829
1672 730.413 0.225 0.221191 0.703029
1673 730.698 0.285 0.221034 0.891132
1674 730.968 0.27 0.220887 0.844796
1675 731.252 0.284 0.220731 0.889226
1676 731.431 0.179 0.220633 0.560712
1677 731.617 0.186 0.220531 0.582908
1678 731.854 0.237 0.220402 0.743175
1679 732.129 0.275 0.220251 0.862923
1680 732.344 0.215 0.220134 0.675009
1681 732.594 0.25 0.219997 0.785382
1682 732.859 0.265 0.219852 0.833053
1683 733.158 0.299 0.219689 0.940634
1684 733.443 0.285 0.219533 0.897227
1685 733.671 0.228 0.219409 0.718189
1686 733.868 0.197 0.219301 0.620845
1687 734.083 0.215 0.219184 0.677934
1688 734.32 0.237 0.219054 0.747745
1689 734.55 0.23 0.218929 0.726076
1690 734.812 0.262 0.218786 0.827635
1691 735.07 0.258 0.218645 0.815523
1692 735.306 0.236 0.218517 0.746422
1693 735.595 0.289 0.218359 0.914709
1694 735.924 0.329 0.21818 1.04217
1695 736.107 0.183 0.218081 0.579951
1696 736.299 0.192 0.217976 0.608764
1697 736.538 0.239 0.217846 0.758237
1698 736.797 0.259 0.217705 0.822219
1699 737.012 0.215 0.217589 0.682904
1700 737.243 0.231 0.217463 0.734148
1701 737.539 0.296 0.217302 0.941423
1702 737.852 0.313 0.217132 0.996271
1703 738.056 0.204 0.217021 0.649658
1704 738.281 0.225 0.216899 0.716938
1705 738.579 0.298 0.216738 0.950253
1706 738.807 0.228 0.216614 0.727454
1707 738.994 0.187 0.216513 0.59692
1708 739.184 0.19 0.21641 0.606784
1709 739.391 0.207 0.216297 0.661419
1710 739.565 0.174 0.216203 0.556218
1711 739.793 0.228 0.21608 0.729253
1712 739.995 0.202 0.21597 0.64642
1713 740.198 0.203 0.21586 0.649951
1714 740.45 0.252 0.215724 0.807346
1715 740.638 0.188 0.215622 0.60259
1716 740.818 0.18 0.215525 0.577208
1717 741.041 0.223 0.215404 0.715497
1718 741.248 0.207 0.215292 0.664507
1719 741.446 0.198 0.215185 0.635931
1720 741.675 0.229 0.215061 0.735919
1721 741.865 0.19 0.214959 0.61088
1722 742.129 0.264 0.214816 0.849364
1723 742.344 0.215 0.2147 0.692091
1724 742.609 0.265 0.214557 0.853611
1725 742.831 0.222 0.214437 0.7155
1726 743.049 0.218 0.21432 0.702994
1727 743.23 0.181 0.214222 0.583944
1728 743.458 0.228 0.214099 0.735999
1729 743.686 0.228 0.213976 0.736421
1730 743.902 0.216 0.21386 0.698042
1731 744.142 0.24 0.213731 0.776071
1732 744.364 0.222 0.213611 0.718268
1733 744.594 0.23 0.213487 0.744583
1734 744.802 0.208 0.213375 0.673715
1735 745.053 0.251 0.21324 0.813507
1736 745.369 0.316 0.21307 1.02499
1737 745.684 0.315 0.212901 1.02256
1738 746 0.316 0.212731 1.02663
1739 746.198 0.198 0.212625 0.643588
1740 746.381 0.183 0.212527 0.595107
1741 746.554 0.173 0.212434 0.562833
1742 746.766 0.212 0.21232 0.690084
1743 746.945 0.179 0.212224 0.582929
1744 747.152 0.207 0.212113 0.674466
1745 747.388 0.236 0.211986 0.769416
1746 747.591 0.203 0.211878 0.662168
1747 747.872 0.281 0.211727 0.917249
1748 748.139 0.267 0.211584 0.872139
1749 748.44 0.301 0.211423 0.983948
1750 748.715 0.275 0.211276 0.899582
1751 748.932 0.217 0.211159 0.710242
1752 749.089 0.157 0.211075 0.514066
1753 749.337 0.248 0.210943 0.812539
1754 749.552 0.215 0.210828 0.704803
1755 749.752 0.2 0.210721 0.655963
1756 749.964 0.212 0.210608 0.695695
1757 750.139 0.175 0.210514 0.574532
1758 750.385 0.246 0.210383 0.808132
1759 750.621 0.236 0.210257 0.775745
1760 750.855 0.234 0.210132 0.769629
1761 751.125 0.27 0.209988 0.888642
1762 751.362 0.237 0.209861 0.7805
1763 751.583 0.221 0.209744 0.728217
1764 751.805 0.222 0.209625 0.731925
1765 752.021 0.216 0.20951 0.712535
1766 752.23 0.209 0.209399 0.68981
1767 752.471 0.241 0.20927 0.795914
1768 752.667 0.196 0.209166 0.647622
1769 752.959 0.292 0.209011 0.965543
1770 753.157 0.198 0.208905 0.655047
1771 753.336 0.179 0.20881 0.592459
1772 753.514 0.178 0.208716 0.589417
1773 753.682 0.168 0.208626 0.556542
1774 753.908 0.226 0.208506 0.749112
1775 754.126 0.218 0.20839 0.722996
1776 754.297 0.171 0.208299 0.567368
1777 754.532 0.235 0.208175 0.780184
1778 754.779 0.247 0.208044 0.82054
1779 755.168 0.389 0.207837 1.29355
1780 755.391 0.223 0.207719 0.741969
1781 755.586 0.195 0.207616 0.64913
1782 755.778 0.192 0.207514 0.639457
1783 755.946 0.168 0.207425 0.559765
1784 756.176 0.23 0.207303 0.766796
1785 756.435 0.259 0.207166 0.86405
1786 756.625 0.19 0.207065 0.634167
1787 756.819 0.194 0.206963 0.647839
1788 757.037 0.218 0.206847 0.72839
1789 757.256 0.219 0.206731 0.732141
1790 757.437 0.181 0.206636 0.605383
1791 757.647 0.21 0.206525 0.702756
1792 757.872 0.225 0.206406 0.753387
1793 758.024 0.152 0.206325 0.509153
1794 758.229 0.205 0.206217 0.687047
1795 758.489 0.26 0.20608 0.871957
1796 758.694 0.205 0.205972 0.687866
1797 758.941 0.247 0.205841 0.829319
1798 759.16 0.219 0.205726 0.73572
1799 759.382 0.222 0.205609 0.746223
1800 759.623 0.241 0.205482 0.81059
1801 759.822 0.199 0.205377 0.669667
1802 760.063 0.241 0.20525 0.811505
1803 760.272 0.209 0.20514 0.704131
1804 760.546 0.274 0.204996 0.923769
1805 760.757 0.211 0.204885 0.711755
1806 761.02 0.263 0.204746 0.887763
1807 761.287 0.267 0.204606 0.901884
1808 761.6 0.313 0.204441 1.05812
1809 761.892 0.292 0.204288 0.987865
1810 762.143 0.251 0.204156 0.849706
1811 762.311 0.168 0.204068 0.568973
1812 762.532 0.221 0.203952 0.748897
1813 762.73 0.198 0.203848 0.671299
1814 763.024 0.294 0.203694 0.997532
1815 763.199 0.175 0.203602 0.594037
1816 763.43 0.231 0.203481 0.784595
1817 763.648 0.218 0.203367 0.740856
1818 763.855 0.207 0.203258 0.703849
1819 764.052 0.197 0.203155 0.670187
1820 764.346 0.294 0.203001 1.00094
1821 764.59 0.244 0.202874 0.831231
1822 764.819 0.229 0.202754 0.780592
1823 765.022 0.203 0.202648 0.692328
1824 765.195 0.173 0.202557 0.590277
1825 765.38 0.185 0.20246 0.631522
1826 765.585 0.205 0.202353 0.700165
1827 765.791 0.206 0.202246 0.703955
1828 766.088 0.297 0.202091 1.0157
1829 766.264 0.176 0.201999 0.602173
1830 766.418 0.154 0.201918 0.527111
1831 766.665 0.247 0.20179 0.845971
1832 766.861 0.196 0.201687 0.671637
1833 767.058 0.197 0.201585 0.675407
1834 767.279 0.221 0.20147 0.758124
1835 767.432 0.153 0.20139 0.525063
1836 767.68 0.248 0.201261 0.851628
1837 767.83 0.15 0.201183 0.515298
1838 768.087 0.257 0.201049 0.883464
1839 768.312 0.225 0.200932 0.773911
1840 768.524 0.212 0.200821 0.729597
1841 768.674 0.15 0.200743 0.516425
1842 768.82 0.146 0.200668 0.502844
1843 769.118 0.298 0.200513 1.02714
1844 769.303 0.185 0.200417 0.637963
1845 769.473 0.17 0.200328 0.586494
1846 769.757 0.284 0.200181 0.980512
1847 770.001 0.244 0.200054 0.842945
1848 770.197 0.196 0.199953 0.677464
1849 770.451 0.254 0.199821 0.878517
1850 770.647 0.196 0.199719 0.678256
1851 770.893 0.246 0.199592 0.851824
1852 771.057 0.164 0.199507 0.568125
1853 771.242 0.185 0.199411 0.64118
1854 771.481 0.239 0.199287 0.82885
1855 771.736 0.255 0.199155 0.884924
1856 771.913 0.177 0.199064 0.614524
1857 772.122 0.209 0.198955 0.726018
1858 772.371 0.249 0.198827 0.865529
1859 772.528 0.157 0.198746 0.545958
1860 772.69 0.162 0.198662 0.563583
1861 772.889 0.199 0.198559 0.692661
1862 773.117 0.228 0.198441 0.794072
1863 773.398 0.281 0.198296 0.979375
1864 773.632 0.234 0.198175 0.816062
1865 773.876 0.244 0.19805 0.851477
1866 774.102 0.226 0.197933 0.789128
1867 774.349 0.247 0.197806 0.863009
1868 774.581 0.232 0.197686 0.81109
1869 774.79 0.209 0.197579 0.731078
1870 774.964 0.174 0.197489 0.608925
1871 775.208 0.244 0.197363 0.854438
1872 775.406 0.198 0.197261 0.693714
1873 775.617 0.211 0.197153 0.739667
1874 775.788 0.171 0.197065 0.599714
1875 776.028 0.24 0.196942 0.842231
1876 776.285 0.257 0.19681 0.902494
1877 776.559 0.274 0.196669 0.962881
1878 776.722 0.163 0.196585 0.573052
1879 776.893 0.171 0.196497 0.601446
1880 777.137 0.244 0.196372 0.858751
1881 777.356 0.219 0.19626 0.771206
1882 777.585 0.229 0.196142 0.806903
1883 777.799 0.214 0.196033 0.754471
1884 777.985 0.186 0.195937 0.656074
1885 778.223 0.238 0.195815 0.840016
1886 778.435 0.212 0.195707 0.748664
1887 778.661 0.226 0.195591 0.798577
1888 778.876 0.215 0.195481 0.760135
1889 779.189 0.313 0.195321 1.10752
1890 779.403 0.214 0.195212 0.757644
1891 779.639 0.236 0.195091 0.83605
1892 779.823 0.184 0.194997 0.65215
1893 779.994 0.171 0.19491 0.606345
1894 780.203 0.209 0.194803 0.741495
1895 780.415 0.212 0.194695 0.752556
1896 780.639 0.224 0.19458 0.795621
1897 780.832 0.193 0.194482 0.68586
1898 781.103 0.271 0.194344 0.963731
1899 781.291 0.188 0.194248 0.668896
1900 781.478 0.187 0.194153 0.665665
1901 781.696 0.218 0.194042 0.77646
1902 781.894 0.198 0.193941 0.705591
1903 782.119 0.225 0.193826 0.802282
1904 782.367 0.248 0.1937 0.884869
1905 782.56 0.193 0.193602 0.688977
1906 782.752 0.192 0.193504 0.685753
1907 782.907 0.155 0.193425 0.553828
1908 783.08 0.173 0.193338 0.618425
1909 783.289 0.209 0.193231 0.747525
1910 783.492 0.203 0.193128 0.726453
1911 783.729 0.237 0.193008 0.848653
1912 783.92 0.191 0.192911 0.684279
1913 784.16 0.24 0.192789 0.860371
1914 784.399 0.239 0.192668 0.857325
1915 784.547 0.148 0.192593 0.531102
1916 784.724 0.177 0.192503 0.635466
1917 784.905 0.181 0.192412 0.650136
1918 785.126 0.221 0.1923 0.794275
1919 785.336 0.21 0.192193 0.755158
1920 785.558 0.222 0.192081 0.798777
1921 785.747 0.189 0.191985 0.680379
1922 785.943 0.196 0.191886 0.705942
1923 786.121 0.178 0.191796 0.641412
1924 786.371 0.25 0.19167 0.901453
1925 786.588 0.217 0.19156 0.782909
1926 786.789 0.201 0.191459 0.725568
1927 786.986 0.197 0.191359 0.711498
1928 787.115 0.129 0.191294 0.466063
1929 787.348 0.233 0.191177 0.842322
1930 787.61 0.262 0.191045 0.947816
1931 787.798 0.188 0.19095 0.680449
1932 788.007 0.209 0.190844 0.756875
1933 788.239 0.232 0.190728 0.840682
1934 788.432 0.193 0.19063 0.699717
1935 788.672 0.24 0.19051 0.870666
1936 788.838 0.166 0.190426 0.602475
1937 788.977 0.139 0.190356 0.504667
1938 789.148 0.171 0.19027 0.62113
1939 789.352 0.204 0.190168 0.741397
1940 789.589 0.237 0.190048 0.861869
1941 789.814 0.225 0.189935 0.818717
1942 789.991 0.177 0.189846 0.644359
1943 790.269 0.278 0.189707 1.01279
1944 790.521 0.252 0.18958 0.91868
1945 790.759 0.238 0.189461 0.868189
1946 791.005 0.246 0.189338 0.897957
1947 791.154 0.149 0.189263 0.544099
1948 791.324 0.17 0.189178 0.621063
1949 791.541 0.217 0.189069 0.793225
1950 791.768 0.227 0.188955 0.830278
1951 791.949 0.181 0.188865 0.662346
1952 792.161 0.212 0.188759 0.776222
1953 792.359 0.198 0.18866 0.725343
1954 792.555 0.196 0.188562 0.718389
1955 792.682 0.127 0.188498 0.465644
1956 792.875 0.193 0.188402 0.707994
1957 793.046 0.171 0.188316 0.627574
1958 793.248 0.202 0.188215 0.741743
1959 793.529 0.281 0.188075 1.0326
1960 793.707 0.178 0.187986 0.654411
1961 793.887 0.18 0.187897 0.662081
