-4.00000000     6.67945296E-02
  -3.00000000     8.44921172E-03
  -2.00000000    -4.38430607E-02
  -1.00000000    -8.62615108E-02
   0.00000000   -0.116771147    
   1.00000000   -0.135489881    
   2.00000000   -0.144618213    
   3.00000000   -0.147956654    
   4.00000000   -0.150208905    
   5.00000000   -0.156173304    
   6.00000000   -0.169890553    
   7.00000000   -0.193826064    
   8.00000000   -0.228200927    
   9.00000000   -0.248720363    
   10.0000000   -0.268401563    
   11.0000000   -0.286829054    
   12.0000000   -0.301203251    
   13.0000000   -0.309264898    
   14.0000000   -0.309811354    
   15.0000000   -0.302944541    
   16.0000000   -0.289935291    
   17.0000000   -0.272782683    
   18.0000000   -0.253619492    
   19.0000000   -0.234126911    
   20.0000000   -0.192543402    
   21.0000000   -0.149500325    
   22.0000000   -0.105749726    
   23.0000000    -5.87296039E-02
   24.0000000    -6.17855787E-03
   25.0000000     5.29160947E-02
   26.0000000    0.117819920    
   27.0000000    0.186034158    
   28.0000000    0.253826082    
   29.0000000    0.317042172    
   30.0000000    0.362249017    
   31.0000000    0.300944328    
   32.0000000    0.257484674    
   33.0000000    0.232428774    
   34.0000000    0.224912852    
   35.0000000    0.232717082    
   36.0000000    0.252224326    
   37.0000000    0.278442681    
   38.0000000    0.305340111    
   39.0000000    0.326630712    
   40.0000000    0.336892307    
   41.0000000    0.332638204    
   42.0000000    0.312899590    
   43.0000000    0.279159427    
   44.0000000    0.234692320    
   45.0000000    0.183638290    
   46.0000000    0.130282238    
   47.0000000     7.87115544E-02
   48.0000000     3.28464657E-02
   49.0000000    -3.48447263E-03
   50.0000000    -1.53050544E-02
   51.0000000    -1.54676782E-02
   52.0000000    -1.52657209E-02
   53.0000000     1.58086419E-04
   54.0000000     3.75732034E-02
   55.0000000     8.20542723E-02
   56.0000000    0.127263725    
   57.0000000    0.166751236    
   58.0000000    0.194620386    
   59.0000000    0.206038252    
   60.0000000    0.197484195    
   61.0000000    0.166975901    
   62.0000000    0.114289448    
   63.0000000     4.12724167E-02
   64.0000000    -1.57625861E-02
   65.0000000    -1.78996045E-02
   66.0000000    -2.00501624E-02
   67.0000000    -2.19795965E-02
   68.0000000    -2.34252885E-02
   69.0000000    -2.41188966E-02
   70.0000000    -2.38185003E-02
   71.0000000    -2.23461986E-02
   72.0000000    -1.96281876E-02
   73.0000000    -1.57277323E-02
   74.0000000    0.178476155    
   75.0000000    0.322941184    
   76.0000000    0.139119968    
   77.0000000    -3.03361267E-02
   78.0000000   -0.167368412    
   79.0000000   -0.242572799    
   80.0000000   -0.255424440    
   81.0000000   -0.240816578    
   82.0000000   -0.156291828    
   83.0000000    -6.77083433E-03
   84.0000000    0.182832554    
   85.0000000    0.328297496    
   86.0000000     1.98008865E-02
   87.0000000    -2.07182206E-02
   88.0000000    -2.65135020E-02
   89.0000000    -3.14280614E-02
   90.0000000    -3.53123061E-02
   91.0000000    -3.81004810E-02
   92.0000000    -3.97888422E-02
   93.0000000    -4.04209718E-02
   94.0000000    -4.00843136E-02
   95.0000000    -3.89141552E-02
   96.0000000    -3.70959565E-02
   97.0000000    -3.48579958E-02
   98.0000000    -3.24524455E-02
   99.0000000    -3.01273540E-02
   100.000000    -2.80977339E-02
   101.000000    -2.65225992E-02
   102.000000    -2.54933611E-02
   103.000000    -2.50309333E-02
   104.000000    -2.50887033E-02
   105.000000    -2.55560540E-02
   106.000000    -2.62649357E-02
   107.000000    -2.69994959E-02
   108.000000    -2.75176018E-02
   109.000000    -2.75830701E-02
   110.000000    -2.70036049E-02
   111.000000    -2.56647170E-02
   112.000000    -2.35491060E-02
   113.000000    -2.07357034E-02
   114.000000    -1.73817482E-02
   115.000000     4.76305932E-02
   116.000000    0.222702026    
   117.000000    0.350609183    
   118.000000    0.240479663    
   119.000000    0.146208212    
   120.000000     7.08708316E-02
   121.000000     1.49642527E-02
   122.000000    -2.36533731E-02
   123.000000    -4.92824018E-02
   124.000000    -6.73748255E-02
   125.000000    -8.32817256E-02
   126.000000   -0.101051673    
   127.000000   -0.122790001    
   128.000000   -0.148575261    
   129.000000   -0.176917657    
   130.000000   -0.205408096    
   131.000000   -0.231253475    
   132.000000   -0.240448847    
   133.000000   -0.245170489    
   134.000000   -0.244160965    
   135.000000   -0.235311761    
   136.000000   -0.195509970    
   137.000000   -0.124168813    
   138.000000    -2.39012539E-02
   139.000000    0.102828994    
   140.000000    0.249019340    
   141.000000    0.317765653    
   142.000000    0.107827976    
   143.000000    -1.63934547E-02
   144.000000    -1.95387080E-02
   145.000000    -2.16470435E-02
   146.000000    -2.26846375E-02
   147.000000    -2.27388404E-02
   148.000000    -2.19729021E-02
   149.000000    -2.05780864E-02
   150.000000    -1.87437981E-02
   151.000000    -1.66503377E-02
   152.000000     1.14223212E-02
   153.000000    0.106423244    
   154.000000    0.186660513    
   155.000000    0.243164614    
   156.000000    0.269106567    
   157.000000    0.261523783    
   158.000000    0.222231895    
   159.000000    0.157583803    
   160.000000     7.69505948E-02
   161.000000    -9.20666754E-03
   162.000000    -1.67014431E-02
   163.000000    -1.82220209E-02
   164.000000    -1.93720423E-02
   165.000000    -2.00859327E-02
   166.000000    -2.03440469E-02
   167.000000    -2.01717578E-02
   168.000000    -1.96413323E-02
   169.000000    -1.88691672E-02
   170.000000    -1.80028956E-02
   171.000000    -1.71962827E-02
   172.000000    -1.65771320E-02
   173.000000    -1.62174590E-02
   174.000000    -1.61198266E-02
   175.000000    -1.62232295E-02
   176.000000    -1.64310895E-02
   177.000000    -1.66516528E-02
   178.000000    -1.68358590E-02
   179.000000    -1.69989914E-02
   180.000000    -1.72187462E-02
   181.000000    -1.76071078E-02
   182.000000    -1.82691906E-02
   183.000000    -1.92607157E-02
   184.000000    -2.05608439E-02
   185.000000    -2.20667869E-02
   186.000000    -2.36116275E-02
   187.000000    -2.49993056E-02
   188.000000    -2.60464270E-02
   189.000000    -2.66174674E-02
   190.000000    -2.66462788E-02
   191.000000    -2.61384156E-02
   192.000000    -2.51575820E-02
   193.000000    -2.38035247E-02
   194.000000    -2.21891124E-02
   195.000000    -2.04247441E-02
   196.000000    -1.86114199E-02
   197.000000    -1.68414526E-02
   198.000000    -1.52016105E-02
   199.000000     4.38863486E-02
   200.000000     9.61612314E-02
   201.000000    0.131737664    
   202.000000    0.148484796    
   203.000000    0.145733967    
   204.000000    0.124690667    
   205.000000     8.84902924E-02
   206.000000     4.18984443E-02
   207.000000    -9.42470133E-03
   208.000000    -1.60259269E-02
   209.000000    -1.70208719E-02
   210.000000    -1.78859178E-02
   211.000000    -1.86610464E-02
   212.000000    -1.94509793E-02
   213.000000    -2.04014238E-02
   214.000000    -2.16619521E-02
   215.000000    -2.33423039E-02
   216.000000    -2.54731309E-02
   217.000000    -2.79832669E-02
   218.000000    -3.07035204E-02
   219.000000    -3.33927535E-02
   220.000000    -3.57838534E-02
   221.000000    -3.76338772E-02
   222.000000    -3.87646332E-02
   223.000000    -3.90812755E-02
   224.000000    -3.85680087E-02
   225.000000    -3.72671299E-02
   226.000000    -3.52519527E-02
   227.000000    -3.26075703E-02
   228.000000    -2.94232890E-02
   229.000000    -2.57983934E-02
   230.000000    -2.18538903E-02
   231.000000    -1.77404974E-02
   232.000000     5.03375977E-02
   233.000000    0.230714232    
   234.000000    0.349495411    
   235.000000    0.250367224    
   236.000000    0.171382323    
   237.000000    0.114002571    
   238.000000     7.85790831E-02
   239.000000     6.49282485E-02
   240.000000     7.26779550E-02
   241.000000    0.101104036    
   242.000000    0.148561552    
   243.000000    0.211797759    
   244.000000    0.285624325    
   245.000000    0.363218963    
   246.000000    0.270698309    
   247.000000    0.181038454    
   248.000000    0.110973522    
   249.000000     6.12242073E-02
   250.000000     2.76295394E-02
   251.000000     2.45575607E-03
   252.000000    -1.52349733E-02
   253.000000    -1.59934796E-02
   254.000000    -1.70678608E-02
   255.000000    -1.84976980E-02
   256.000000    -2.02455521E-02
   257.000000    -2.22162027E-02
   258.000000    -2.42835060E-02
   259.000000    -2.63139941E-02
   260.000000    -2.81819813E-02
   261.000000    -2.97748782E-02
   262.000000    -3.09917443E-02
   263.000000    -3.17355879E-02
   264.000000    -3.19085158E-02
   265.000000    -3.14110145E-02
   266.000000    -3.01489197E-02
   267.000000    -2.80489102E-02
   268.000000    -2.50814557E-02
   269.000000    -2.12831665E-02
   270.000000    -1.67731121E-02
   271.000000    0.137331963    
   272.000000    0.358887196    
   273.000000    0.187135383    
   274.000000     2.64131874E-02
   275.000000   -0.115661502    
   276.000000   -0.232956007    
   277.000000   -0.272502720    
   278.000000   -0.300710320    
   279.000000   -0.318196893    
   280.000000   -0.325933278    
   281.000000   -0.324993134    
   282.000000   -0.316415787    
   283.000000   -0.301209688    
   284.000000   -0.280419171    
   285.000000   -0.255230248    
   286.000000   -0.220140189    
   287.000000   -0.151057318    
   288.000000    -8.24071765E-02
   289.000000    -1.79076940E-02
   290.000000     3.91739160E-02
   291.000000     8.62403661E-02
   292.000000    0.121428654    
   293.000000    0.143530264    
   294.000000    0.151982859    
   295.000000    0.147008404    
   296.000000    0.130077049    
   297.000000    0.104304805    
   298.000000     7.46574253E-02
   299.000000     4.75855917E-02
   300.000000     3.01097780E-02
   301.000000     2.85057276E-02
   302.000000     4.70073074E-02
   303.000000     8.69717151E-02
   304.000000    0.146706477    
   305.000000    0.222020224    
   306.000000    0.307218492    
   307.000000    0.328242481    
   308.000000    0.206425697    
   309.000000     9.47112292E-02
   310.000000    -4.04492021E-04
   311.000000    -1.63017605E-02
   312.000000    -1.72458403E-02
   313.000000    -1.74454954E-02
   314.000000    -1.68073680E-02
   315.000000    -1.52942836E-02
   316.000000     8.19413215E-02
   317.000000    0.221770048    
   318.000000    0.357602596    
   319.000000    0.238300845    
   320.000000    0.124892846    
   321.000000     2.71597654E-02
   322.000000    -4.74741310E-02
   323.000000    -9.48197991E-02
   324.000000   -0.114052080    
   325.000000   -0.107111126    
   326.000000    -7.76305646E-02
   327.000000    -2.97738314E-02
   328.000000     3.26292068E-02
   329.000000    0.106292173    
   330.000000    0.188225642    
   331.000000    0.275144100    
   332.000000    0.363052130    
   333.000000    0.256627858    
   334.000000    0.150504634    
   335.000000     6.15341812E-02
   336.000000    -8.08928907E-03
   337.000000    -1.60309430E-02
   338.000000    -1.69137754E-02
   339.000000    -1.77439265E-02
   340.000000    -1.87356025E-02
   341.000000    -2.00725626E-02
   342.000000    -2.18681768E-02
   343.000000    -2.41445322E-02
   344.000000    -2.68347859E-02
   345.000000    -2.98034102E-02
   346.000000    -3.28755043E-02
   347.000000    -3.58644910E-02
   348.000000    -3.85923348E-02
   349.000000    -4.09024954E-02
   350.000000    -4.26662564E-02
   351.000000    -4.37882990E-02
   352.000000    -4.42129485E-02
   353.000000    -4.39270586E-02
   354.000000    -4.29570265E-02
   355.000000    -4.13554534E-02
   356.000000    -3.91800478E-02
   357.000000    -3.64718586E-02
   358.000000    -3.32432315E-02
   359.000000    -2.94831954E-02
   360.000000    -2.51821689E-02
   361.000000    -2.03688703E-02
   362.000000    -1.51441153E-02
   363.000000    0.232300490    
   364.000000    0.286584973    
   365.000000    0.120159164    
   366.000000    -2.49626487E-02
   367.000000   -0.141198188    
   368.000000   -0.224196509    
   369.000000   -0.249767140    
   370.000000   -0.257000804    
   371.000000   -0.252134442    
   372.000000   -0.237197176    
   373.000000   -0.190601334    
   374.000000   -0.124099061    
   375.000000    -5.00226319E-02
   376.000000     2.51555592E-02
   377.000000     9.43608135E-02
   378.000000    0.150614753    
   379.000000    0.188072488    
   380.000000    0.203132793    
   381.000000    0.195154771    
   382.000000    0.166637257    
   383.000000    0.122915789    
   384.000000     7.14478642E-02
   385.000000     2.09094137E-02
   386.000000    -1.97866410E-02
   387.000000    -4.25684005E-02
   388.000000    -4.13132608E-02
   389.000000    -1.28510594E-02
   390.000000     4.23982590E-02
   391.000000    0.120422259    
   392.000000    0.214378610    
   393.000000    0.315978944    
   394.000000    0.298883200    
   395.000000    0.166932553    
   396.000000     5.05003184E-02
   397.000000    -1.57737378E-02
   398.000000    -1.75587554E-02
   399.000000    -1.90553125E-02
   400.000000    -2.03491542E-02
   401.000000    -2.15203017E-02
   402.000000    -2.26263907E-02
   403.000000    -2.36926116E-02
   404.000000    -2.47095749E-02
   405.000000    -2.56384220E-02
   406.000000    -2.64210552E-02
   407.000000    -2.69917548E-02
   408.000000    -2.72878669E-02
   409.000000    -2.72560343E-02
   410.000000    -2.68523134E-02
   411.000000    -2.60406025E-02
   412.000000    -2.47926936E-02
   413.000000    -2.30940003E-02
   414.000000    -2.09567677E-02
   415.000000    -1.84365120E-02
   416.000000    -1.56453010E-02
   417.000000     9.11035389E-02
   418.000000    0.219435886    
   419.000000    0.332222283    
   420.000000    0.330213428    
   421.000000    0.288342595    
   422.000000    0.268399954    
   423.000000    0.267931581    
   424.000000    0.282162845    
   425.000000    0.305279851    
   426.000000    0.331748307    
   427.000000    0.357253969    
   428.000000    0.352209449    
   429.000000    0.328787208    
   430.000000    0.313329339    
   431.000000    0.306335926    
   432.000000    0.308474779    
   433.000000    0.320658147    
   434.000000    0.343849182    
   435.000000    0.360157132    
   436.000000    0.326793671    
   437.000000    0.284974337    
   438.000000    0.234774962    
   439.000000    0.176141366    
   440.000000    0.108943000    
   441.000000     3.32510322E-02
   442.000000    -5.01437634E-02
   443.000000   -0.139186159    
   444.000000   -0.230104804    
   445.000000   -0.268785596    
   446.000000   -0.301767528    
   447.000000   -0.327140212    
   448.000000   -0.342209041    
   449.000000   -0.345304251    
   450.000000   -0.336277246    
   451.000000   -0.316675603    
   452.000000   -0.289509892    
   453.000000   -0.258611798    
   454.000000   -0.221962854    
   455.000000   -0.157416895    
   456.000000   -0.104061306    
   457.000000    -6.30203038E-02
   458.000000    -3.35037112E-02
   459.000000    -1.41611993E-02
   460.000000    -4.01945412E-03
   461.000000    -2.51191854E-03
   462.000000    -8.52456689E-03
   463.000000    -1.91678554E-02
   464.000000    -2.89350301E-02
   465.000000    -3.01883072E-02
   466.000000    -1.49781108E-02
   467.000000     2.23777145E-02
   468.000000     8.29320103E-02
   469.000000    0.162079737    
   470.000000    0.250233531    
   471.000000    0.334960163    
   472.000000    0.317632973    
   473.000000    0.257914662    
   474.000000    0.243860409    
   475.000000    0.278530180    
   476.000000    0.359439433    
   477.000000    0.288146615    
   478.000000    0.181645408    
   479.000000     6.30203635E-02
   480.000000    -5.89840859E-02
   481.000000   -0.176722661    
   482.000000   -0.254742205    
   483.000000   -0.295667887    
   484.000000   -0.330952346    
   485.000000   -0.361086547    
   486.000000   -0.386781216    
   487.000000   -0.408534110    
   488.000000   -0.426405430    
   489.000000   -0.440044701    
   490.000000   -0.448853612    
   491.000000   -0.452229679    
   492.000000   -0.449726760    
   493.000000   -0.441085100    
   494.000000   -0.426159084    
   495.000000   -0.404795527    
   496.000000   -0.376749575    
   497.000000   -0.341738284    
   498.000000   -0.299559891    
   499.000000   -0.250336945    
   500.000000   -0.145080805    
   501.000000    -4.45033610E-03
   502.000000    0.142024174    
   503.000000    0.287195206    
   504.000000    0.290683866    
   505.000000    0.124770194    
   506.000000    -7.39763677E-03
   507.000000    -1.68855526E-02
   508.000000    -1.79789439E-02
   509.000000    -1.82088334E-02
   510.000000    -1.76891442E-02
   511.000000    -1.65779423E-02
   512.000000    -1.50253028E-02
   513.000000     6.66841120E-02
   514.000000    0.152385682    
   515.000000    0.235983536    
   516.000000    0.312680066    
   517.000000    0.359851003    
   518.000000    0.320933223    
   519.000000    0.290432870    
   520.000000    0.267062306    
   521.000000    0.248530611    
   522.000000    0.231946364    
   523.000000    0.214195177    
   524.000000    0.192330047    
   525.000000    0.163944736    
   526.000000    0.127472058    
   527.000000     8.24956447E-02
   528.000000     2.99303085E-02
   529.000000    -2.79515982E-02
   530.000000    -8.77818018E-02
   531.000000   -0.145645425    
   532.000000   -0.197717413    
   533.000000   -0.235912338    
   534.000000   -0.249673471    
   535.000000   -0.258199930    
   536.000000   -0.261389911    
   537.000000   -0.259420931    
   538.000000   -0.252700448    
   539.000000   -0.241858795    
   540.000000   -0.221841902    
   541.000000   -0.183830246    
   542.000000   -0.143339112    
   543.000000   -0.103053302    
   544.000000    -6.54291660E-02
   545.000000    -3.25543135E-02
   546.000000    -6.05037808E-03
   547.000000     1.31119639E-02
   548.000000     2.48606354E-02
   549.000000     3.03301960E-02
   550.000000     3.19602638E-02
   551.000000     3.32762748E-02
   552.000000     3.83373946E-02
   553.000000     5.09022921E-02
   554.000000     7.36393780E-02
   555.000000    0.107561275    
   556.000000    0.151870325    
   557.000000    0.204231545    
   558.000000    0.261233270    
   559.000000    0.319031537    
   560.000000    0.359518528    
   561.000000    0.291542351    
   562.000000    0.236295924    
   563.000000    0.196711421    
   564.000000    0.174822465    
   565.000000    0.171782196    
   566.000000    0.187858999    
   567.000000    0.222375840    
   568.000000    0.273527622    
   569.000000    0.338120222    
   570.000000    0.336914599    
   571.000000    0.283358097    
   572.000000    0.234285012    
   573.000000    0.196049109    
   574.000000    0.174580082    
   575.000000    0.174277112    
   576.000000    0.197090462    
   577.000000    0.242144510    
   578.000000    0.306006372    
   579.000000    0.345741570    
   580.000000    0.224992067    
   581.000000     9.88599509E-02
   582.000000    -1.53275887E-02
   583.000000    -1.80028286E-02
   584.000000    -2.05382686E-02
   585.000000    -2.28419695E-02
   586.000000    -2.47960053E-02
   587.000000    -2.62685660E-02
   588.000000    -2.71443110E-02
   589.000000    -2.73567252E-02
   590.000000    -2.69045383E-02
   591.000000    -2.58442163E-02
   592.000000    -2.42572818E-02
   593.000000    -2.22111903E-02
   594.000000    -1.97308194E-02
   595.000000    -1.67967863E-02
   596.000000     6.26460165E-02
   597.000000    0.244481578    
   598.000000    0.310862243    
   599.000000    0.154632047    
   600.000000    -6.09964132E-03
   601.000000   -0.162924662    
   602.000000   -0.264276743    
   603.000000   -0.316926062    
   604.000000   -0.357235491    
   605.000000   -0.382671654    
   606.000000   -0.391356230    
   607.000000   -0.382068574    
   608.000000   -0.354283810    
   609.000000   -0.308270574    
   610.000000   -0.245254382    
   611.000000    -8.17239732E-02
   612.000000    0.125054851    
   613.000000    0.346826553    
   614.000000     8.35714787E-02
   615.000000    -1.93619765E-02
   616.000000    -2.50770636E-02
   617.000000    -2.97651440E-02
   618.000000    -3.32490355E-02
   619.000000    -3.54798026E-02
   620.000000    -3.65171805E-02
   621.000000    -3.64867523E-02
   622.000000    -3.55352163E-02
   623.000000    -3.37999985E-02
   624.000000    -3.14008892E-02
   625.000000    -2.84553673E-02
   626.000000    -2.51026060E-02
   627.000000    -2.15219744E-02
   628.000000    -1.79341566E-02
   629.000000     6.64688647E-03
   630.000000    0.139869764    
   631.000000    0.242906556    
   632.000000    0.310465574    
   633.000000    0.340996921    
   634.000000    0.336526453    
   635.000000    0.301853776    
   636.000000    0.243561670    
   637.000000    0.168821365    
   638.000000     8.43851417E-02
   639.000000    -4.14277613E-03
   640.000000    -1.67284682E-02
   641.000000    -1.85639132E-02
   642.000000    -2.02483218E-02
   643.000000    -2.16876883E-02
   644.000000    -2.27560662E-02
   645.000000    -2.33035721E-02
   646.000000    -2.31821220E-02
   647.000000    -2.22844891E-02
   648.000000    -2.05816068E-02
   649.000000    -1.81477517E-02
   650.000000    -1.51643027E-02
   651.000000    0.130483434    
   652.000000    0.279133379    
   653.000000    0.337637961    
   654.000000    0.266491830    
   655.000000    0.225345477    
   656.000000    0.218712732    
   657.000000    0.247834072    
   658.000000    0.310938954    
   659.000000    0.317349613    
   660.000000    0.152971640    
   661.000000    -1.55128473E-02
   662.000000    -1.99412424E-02
   663.000000    -2.44786646E-02
   664.000000    -2.88922340E-02
   665.000000    -3.29370238E-02
   666.000000    -3.63659225E-02
   667.000000    -3.89485657E-02
   668.000000    -4.04967070E-02
   669.000000    -4.08890918E-02
   670.000000    -4.00869921E-02
   671.000000    -3.81384268E-02
   672.000000    -3.51662934E-02
   673.000000    -3.13461348E-02
   674.000000    -2.68804412E-02
   675.000000    -2.19744854E-02
   676.000000    -1.68209635E-02
   677.000000    0.144651264    
   678.000000    0.357725680    
   679.000000    0.196039662    
   680.000000     4.68813926E-02
   681.000000    -8.48668218E-02
   682.000000   -0.194358006    
   683.000000   -0.251455367    
   684.000000   -0.273831069    
   685.000000   -0.282053709    
   686.000000   -0.275921643    
   687.000000   -0.256219625    
   688.000000   -0.214866772    
   689.000000   -0.120615385    
   690.000000    -1.33954436E-02
   691.000000     9.79605764E-02
   692.000000    0.204800740    
   693.000000    0.299642742    
   694.000000    0.355194628    
   695.000000    0.276150465    
   696.000000    0.228336707    
   697.000000    0.211835250    
   698.000000    0.225923210    
   699.000000    0.269776523    
   700.000000    0.342385232    
   701.000000    0.315077424    
   702.000000    0.227422193    
   703.000000    0.127192095    
   704.000000     1.98561698E-02
   705.000000    -8.84125531E-02
   706.000000   -0.191608742    
   707.000000   -0.254684150    
   708.000000   -0.288366258    
   709.000000   -0.314219415    
   710.000000   -0.330626607    
   711.000000   -0.335771441    
   712.000000   -0.327706933    
   713.000000   -0.304751396    
   714.000000   -0.266077399    
   715.000000   -0.185861126    
   716.000000    -3.10406536E-02
   717.000000    0.143974975    
   718.000000    0.327165663    
   719.000000    0.174292460    
   720.000000    -1.59123465E-02
   721.000000    -2.01654993E-02
   722.000000    -2.35885903E-02
   723.000000    -2.61655170E-02
   724.000000    -2.79592946E-02
   725.000000    -2.90765725E-02
   726.000000    -2.96372678E-02
   727.000000    -2.97545549E-02
   728.000000    -2.95274518E-02
   729.000000    -2.90423259E-02
   730.000000    -2.83775330E-02
   731.000000    -2.76078992E-02
   732.000000    -2.68047322E-02
   733.000000    -2.60305777E-02
   734.000000    -2.53317729E-02
   735.000000    -2.47286782E-02
   736.000000    -2.42082868E-02
   737.000000    -2.37212926E-02
   738.000000    -2.31869705E-02
   739.000000    -2.25043371E-02
   740.000000    -2.15678439E-02
   741.000000    -2.02866811E-02
   742.000000    -1.86030157E-02
   743.000000    -1.65061038E-02
   744.000000     3.17666382E-02
   745.000000    0.158626348    
   746.000000    0.292375207    
   747.000000    0.326281428    
   748.000000    0.235621497    
   749.000000    0.154140636    
   750.000000     8.54992718E-02
   751.000000     3.25378329E-02
   752.000000    -2.76824832E-03
   753.000000    -1.93097144E-02
   754.000000    -1.69622004E-02
   755.000000     3.33665311E-03
   756.000000     3.96221727E-02
   757.000000     8.91015381E-02
   758.000000    0.148503527    
   759.000000    0.214484915    
   760.000000    0.284065485    
   761.000000    0.354876280    
   762.000000    0.287551284    
   763.000000    0.191545784    
   764.000000     9.98822004E-02
   765.000000     1.48308426E-02
   766.000000    -1.60401538E-02
   767.000000    -1.73976757E-02
   768.000000    -1.84149593E-02
   769.000000    -1.90552399E-02
   770.000000    -1.93195082E-02
   771.000000    -1.92448795E-02
   772.000000    -1.88923292E-02
   773.000000    -1.83266755E-02
   774.000000    -1.75999552E-02
   775.000000    -1.67453177E-02
   776.000000    -1.57804154E-02
   777.000000     4.43533063E-04
   778.000000     5.36344498E-02
   779.000000    0.110458061    
   780.000000    0.170946881    
   781.000000    0.236118957    
   782.000000    0.307954848    
   783.000000    0.352884829    
   784.000000    0.287324727    
   785.000000    0.213866219    
   786.000000    0.134106055    
   787.000000     5.12323231E-02
   788.000000    -3.06259990E-02
   789.000000   -0.107282087    
   790.000000   -0.175172523    
   791.000000   -0.231578201    
   792.000000   -0.250324488    
   793.000000   -0.262078762    
   794.000000   -0.266385853    
   795.000000   -0.262492597    
   796.000000   -0.249909922    
   797.000000   -0.223944545    
   798.000000   -0.155790314    
   799.000000    -7.19802529E-02
   800.000000     2.33877748E-02
   801.000000    0.125651136    
   802.000000    0.230057225    
   803.000000    0.332049131    
   804.000000    0.284499407    
   805.000000    0.165761933    
   806.000000     6.67116493E-02
   807.000000    -8.72872770E-03
   808.000000    -1.59765072E-02
   809.000000    -1.64305884E-02
   810.000000    -1.62629597E-02
   811.000000    -1.54737104E-02
   812.000000     2.99781412E-02
   813.000000    0.120941713    
   814.000000    0.235066101    
   815.000000    0.366589129    
   816.000000    0.268773019    
   817.000000    0.170453146    
   818.000000     8.23985487E-02
   819.000000     1.21703744E-02
   820.000000    -3.53546739E-02
   821.000000    -5.91532141E-02
   822.000000    -6.22451752E-02
   823.000000    -5.08713275E-02
   824.000000    -3.29543054E-02
   825.000000    -1.63307935E-02
   826.000000    -7.30332732E-03
   827.000000    -9.83971357E-03
   828.000000    -2.54114717E-02
   829.000000    -5.33499271E-02
   830.000000    -9.14140195E-02
   831.000000   -0.136334717    
   832.000000   -0.184205845    
   833.000000   -0.230781466    
   834.000000   -0.249166325    
   835.000000   -0.262534440    
   836.000000   -0.270219326    
   837.000000   -0.271243036    
   838.000000   -0.265337169    
   839.000000   -0.253045738    
   840.000000   -0.235674337    
   841.000000   -0.192443490    
   842.000000   -0.142339304    
   843.000000    -9.51221436E-02
   844.000000    -5.52497357E-02
   845.000000    -2.60678530E-02
   846.000000    -9.54386592E-03
   847.000000    -6.20302558E-03
   848.000000    -1.51283592E-02
   849.000000    -3.39570493E-02
   850.000000    -5.88722378E-02
   851.000000    -8.46758038E-02
   852.000000   -0.105108008    
   853.000000   -0.113515936    
   854.000000   -0.103750974    
   855.000000    -7.12495446E-02
   856.000000    -1.38233155E-02
   857.000000     6.78700358E-02
   858.000000    0.170341745    
   859.000000    0.287653744    
   860.000000    0.305953205    
   861.000000    0.134013534    
   862.000000    -1.52142718E-02
   863.000000    -1.80016533E-02
   864.000000    -1.99509878E-02
   865.000000    -2.08827686E-02
   866.000000    -2.06967779E-02
   867.000000    -1.93890277E-02
   868.000000    -1.70591138E-02
   869.000000     3.81146818E-02
   870.000000    0.210179314    
   871.000000    0.348481357    
   872.000000    0.216422781    
   873.000000     9.14438218E-02
   874.000000    -2.14720517E-02
   875.000000   -0.119384035    
   876.000000   -0.200661287    
   877.000000   -0.245935336    
   878.000000   -0.265120983    
   879.000000   -0.275806665    
   880.000000   -0.277893066    
   881.000000   -0.271836281    
   882.000000   -0.258745134    
   883.000000   -0.240242943    
   884.000000   -0.199403107    
   885.000000   -0.143034801    
   886.000000    -8.42019618E-02
   887.000000    -2.39422470E-02
   888.000000     3.77141982E-02
   889.000000    0.101067141    
   890.000000    0.166154638    
   891.000000    0.232357696    
   892.000000    0.298243821    
   893.000000    0.361693323    
   894.000000    0.294811785    
   895.000000    0.224595308    
   896.000000    0.170365363    
   897.000000    0.136112422    
   898.000000    0.124505773    
   899.000000    0.135996893    
   900.000000    0.168294176    
   901.000000    0.216550663    
   902.000000    0.274343491    
   903.000000    0.335168481    
   904.000000    0.349401474    
   905.000000    0.311537206    
   906.000000    0.278838813    
   907.000000    0.252012193    
   908.000000    0.231903598    
   909.000000    0.219728276    
   910.000000    0.216773525    
   911.000000    0.223763034    
   912.000000    0.240378574    
   913.000000    0.265250862    
   914.000000    0.296463370    
   915.000000    0.332283854    
   916.000000    0.362729430    
   917.000000    0.303955853    
   918.000000    0.243304744    
   919.000000    0.184870377    
   920.000000    0.135947526    
   921.000000    0.106540933    
   922.000000    0.107320204    
   923.000000    0.146568462    
   924.000000    0.227084398    
   925.000000    0.344411373    
   926.000000    0.282899916    
   927.000000    0.174984947    
   928.000000     7.38224834E-02
   929.000000    -9.31386650E-03
   930.000000    -6.71817213E-02
   931.000000    -9.80250388E-02
   932.000000   -0.105790928    
   933.000000    -9.90868956E-02
   934.000000    -8.91571641E-02
   935.000000    -8.72613937E-02
   936.000000   -0.102106020    
   937.000000   -0.138050348    
   938.000000   -0.194427684    
   939.000000   -0.246778652    
   940.000000   -0.280786812    
   941.000000   -0.314214468    
   942.000000   -0.343552828    
   943.000000   -0.365922213    
   944.000000   -0.379089952    
   945.000000   -0.381327450    
   946.000000   -0.371275008    
   947.000000   -0.347967684    
   948.000000   -0.311043978    
   949.000000   -0.261022985    
   950.000000   -0.156145260    
   951.000000     7.35102594E-03
   952.000000    0.182850972    
   953.000000    0.361196697    
   954.000000    0.135390177    
   955.000000    -1.66422222E-02
   956.000000    -2.09619664E-02
   957.000000    -2.46909671E-02
   958.000000    -2.78321877E-02
   959.000000    -3.04318890E-02
   960.000000    -3.25578749E-02
   961.000000    -3.42800692E-02
   962.000000    -3.56560610E-02
   963.000000    -3.67194191E-02
   964.000000    -3.74717638E-02
   965.000000    -3.78787406E-02
   966.000000    -3.78760248E-02
   967.000000    -3.73884663E-02
   968.000000    -3.63588780E-02
   969.000000    -3.47790867E-02
   970.000000    -3.27121839E-02
   971.000000    -3.02910842E-02
   972.000000    -2.76971776E-02
   973.000000    -2.51230504E-02
   974.000000    -2.27334611E-02
   975.000000    -2.06423290E-02
   976.000000    -1.89092290E-02
   977.000000    -1.75536498E-02
   978.000000    -1.65753905E-02
   979.000000    -1.59680322E-02
   980.000000    -1.57199204E-02
   981.000000    -1.58034805E-02
   982.000000    -1.61626749E-02
   983.000000    -1.67084094E-02
   984.000000    -1.73285175E-02
   985.000000    -1.79112572E-02
   986.000000    -1.83756221E-02
   987.000000    -1.86971799E-02
   988.000000    -1.89208444E-02
   989.000000    -1.91539787E-02
   990.000000    -1.95426457E-02
   991.000000    -2.02338845E-02
   992.000000    -2.13390887E-02
   993.000000    -2.29025763E-02
   994.000000    -2.48886533E-02
   995.000000    -2.71866079E-02
   996.000000    -2.96313949E-02
   997.000000    -3.20306644E-02
   998.000000    -3.41893658E-02
   999.000000    -3.59245427E-02
   1000.00000    -3.70703861E-02
   1001.00000    -3.74778211E-02
   1002.00000    -3.70178595E-02
   1003.00000    -3.55928577E-02
   1004.00000    -3.31570171E-02
   1005.00000    -2.97386348E-02
   1006.00000    -2.54564658E-02
   1007.00000    -2.05212869E-02
   1008.00000    -1.52193382E-02
   1009.00000    0.223748520    
   1010.00000    0.304790258    
   1011.00000    0.158883616    
   1012.00000     4.08889800E-02
   1013.00000    -4.41506654E-02
   1014.00000    -9.43420529E-02
   1015.00000   -0.110840358    
   1016.00000    -9.73478109E-02
   1017.00000    -5.93187362E-02
   1018.00000    -3.07188928E-03
   1019.00000     6.50792867E-02
   1020.00000    0.139498875    
   1021.00000    0.215618983    
   1022.00000    0.289985001    
   1023.00000    0.360088885    
   1024.00000    0.289270580    
   1025.00000    0.211005524    
   1026.00000    0.146600172    
   1027.00000     9.87543613E-02
   1028.00000     6.99646026E-02
   1029.00000     6.21806830E-02
   1030.00000     7.64448792E-02
   1031.00000    0.112694487    
   1032.00000    0.169831783    
   1033.00000    0.245999381    
   1034.00000    0.338871896    
   1035.00000    0.312234938    
   1036.00000    0.227748349    
   1037.00000    0.137275025    
   1038.00000     4.32999879E-02
   1039.00000    -5.12787849E-02
   1040.00000   -0.143173769    
   1041.00000   -0.228773221    
   1042.00000   -0.263183892    
   1043.00000   -0.289762795    
   1044.00000   -0.309134960    
   1045.00000   -0.320421636    
   1046.00000   -0.323404193    
   1047.00000   -0.318681419    
   1048.00000   -0.307647943    
   1049.00000   -0.292282939    
   1050.00000   -0.274765909    
   1051.00000   -0.257034898    
   1052.00000   -0.240422532    
   1053.00000   -0.216647908    
   1054.00000   -0.185939044    
   1055.00000   -0.158703640    
   1056.00000   -0.134928346    
   1057.00000   -0.115652613    
   1058.00000   -0.102922708    
   1059.00000    -9.89961177E-02
   1060.00000   -0.105216518    
   1061.00000   -0.121020719    
   1062.00000   -0.143521070    
   1063.00000   -0.167838991    
   1064.00000   -0.188039139    
   1065.00000   -0.198286191    
   1066.00000   -0.193827569    
   1067.00000   -0.171626583    
   1068.00000   -0.130540192    
   1069.00000    -7.11840540E-02
   1070.00000     4.38314676E-03
   1071.00000     9.30439085E-02
   1072.00000    0.190979674    
   1073.00000    0.294038475    
   1074.00000    0.325641930    
   1075.00000    0.184180319    
   1076.00000     5.19807190E-02
   1077.00000    -1.61743797E-02
   1078.00000    -1.83939394E-02
   1079.00000    -2.02166028E-02
   1080.00000    -2.16218624E-02
   1081.00000    -2.26086751E-02
   1082.00000    -2.31953356E-02
   1083.00000    -2.34186798E-02
   1084.00000    -2.33361758E-02
   1085.00000    -2.30259039E-02
   1086.00000    -2.25825924E-02
   1087.00000    -2.21083127E-02
   1088.00000    -2.16970351E-02
   1089.00000    -2.14143954E-02
   1090.00000    -2.12804116E-02
   1091.00000    -2.12639850E-02
   1092.00000    -2.12903414E-02
   1093.00000    -2.12653950E-02
   1094.00000    -2.11029965E-02
   1095.00000    -2.07491461E-02
   1096.00000    -2.01869495E-02
   1097.00000    -1.94237828E-02
   1098.00000    -1.84652843E-02
   1099.00000    -1.72926597E-02
   1100.00000    -1.58585906E-02
   1101.00000     2.85531729E-02
   1102.00000    0.125122905    
   1103.00000    0.235230938    
   1104.00000    0.352587402    
   1105.00000    0.296933353    
   1106.00000    0.225066677    
   1107.00000    0.170543030    
   1108.00000    0.138188735    
   1109.00000    0.129337952    
   1110.00000    0.141866252    
   1111.00000    0.171052441    
   1112.00000    0.210807756    
   1113.00000    0.254843771    
   1114.00000    0.297355056    
   1115.00000    0.333239496    
   1116.00000    0.358054578    
   1117.00000    0.367766082    
   1118.00000    0.359875619    
   1119.00000    0.331796229    
   1120.00000    0.283250213    
   1121.00000    0.215619251    
   1122.00000    0.132288024    
   1123.00000     3.84881049E-02
   1124.00000    -5.90972900E-02
   1125.00000   -0.152892262    
   1126.00000   -0.233486935    
   1127.00000   -0.260833800    
   1128.00000   -0.277675748    
   1129.00000   -0.282355607    
   1130.00000   -0.274302721    
   1131.00000   -0.254177988    
   1132.00000   -0.212912157    
   1133.00000   -0.125908822    
   1134.00000    -3.10381800E-02
   1135.00000     6.27609938E-02
   1136.00000    0.147781238    
   1137.00000    0.218763843    
   1138.00000    0.273403168    
   1139.00000    0.312122405    
   1140.00000    0.337162614    
   1141.00000    0.351439476    
   1142.00000    0.357666910    
   1143.00000    0.358029246    
   1144.00000    0.354454637    
   1145.00000    0.349159539    
   1146.00000    0.345087826    
   1147.00000    0.345893204    
   1148.00000    0.355350375    
   1149.00000    0.355890334    
   1150.00000    0.308323860    
   1151.00000    0.244298205    
   1152.00000    0.168573752    
   1153.00000     8.82667154E-02
   1154.00000     1.15476400E-02
   1155.00000    -1.58892777E-02
   1156.00000    -1.69132687E-02
   1157.00000    -1.74473822E-02
   1158.00000    -1.74357221E-02
   1159.00000    -1.68661959E-02
   1160.00000    -1.57672781E-02
   1161.00000     2.40092427E-02
   1162.00000    0.112823650    
   1163.00000    0.212501064    
   1164.00000    0.316451252    
   1165.00000    0.332181215    
   1166.00000    0.266011834    
   1167.00000    0.209744498    
   1168.00000    0.166011170    
   1169.00000    0.136343852    
   1170.00000    0.121286437    
   1171.00000    0.120694205    
   1172.00000    0.133982405    
   1173.00000    0.160315260    
   1174.00000    0.198513672    
   1175.00000    0.246818140    
   1176.00000    0.302623332    
   1177.00000    0.362340450    
   1178.00000    0.292445242    
   1179.00000    0.215893492    
   1180.00000    0.150997892    
   1181.00000    0.100454345    
   1182.00000     6.39808029E-02
   1183.00000     3.84413153E-02
   1184.00000     1.87936872E-02
   1185.00000    -4.24817204E-04
   1186.00000    -1.52379023E-02
   1187.00000    -1.58807226E-02
   1188.00000    -1.66720450E-02
   1189.00000    -1.75874550E-02
   1190.00000    -1.85915604E-02
   1191.00000    -1.96564719E-02
   1192.00000    -2.07732432E-02
   1193.00000    -2.19480768E-02
   1194.00000    -2.31885985E-02
   1195.00000    -2.44861674E-02
   1196.00000    -2.58005522E-02
   1197.00000    -2.70531308E-02
   1198.00000    -2.81322971E-02
   1199.00000    -2.89071035E-02
   1200.00000    -2.92472132E-02
   1201.00000    -2.90441774E-02
   1202.00000    -2.82295160E-02
   1203.00000    -2.67878994E-02
   1204.00000    -2.47608647E-02
   1205.00000    -2.22407505E-02
   1206.00000    -1.93548650E-02
   1207.00000    -1.62448306E-02
   1208.00000     7.77818412E-02
   1209.00000    0.225072145    
   1210.00000    0.367663205    
   1211.00000    0.270222068    
   1212.00000    0.178660437    
   1213.00000     9.41537768E-02
   1214.00000     1.80250853E-02
   1215.00000    -4.82565463E-02
   1216.00000   -0.103261083    
   1217.00000   -0.145784363    
   1218.00000   -0.175007001    
   1219.00000   -0.190588519    
   1220.00000   -0.192724049    
   1221.00000   -0.182228729    
   1222.00000   -0.160666093    
   1223.00000   -0.130485445    
   1224.00000    -9.50179249E-02
   1225.00000    -5.83207607E-02
   1226.00000    -2.47145444E-02
   1227.00000     1.84118748E-03
   1228.00000     1.84176117E-02
   1229.00000     2.36429721E-02
   1230.00000     1.78658217E-02
   1231.00000     2.96309590E-03
   1232.00000    -1.81988627E-02
   1233.00000    -4.24879789E-02
   1234.00000    -6.71502948E-02
   1235.00000    -9.02211815E-02
   1236.00000   -0.110561952    
   1237.00000   -0.127584159    
   1238.00000   -0.140833408    
   1239.00000   -0.149655864    
   1240.00000   -0.153137878    
   1241.00000   -0.150298074    
   1242.00000   -0.140537053    
   1243.00000   -0.123962134    
   1244.00000   -0.101542175    
   1245.00000    -7.49269724E-02
   1246.00000    -4.60805297E-02
   1247.00000    -1.69059485E-02
   1248.00000     1.08956397E-02
   1249.00000     3.56730670E-02
   1250.00000     5.55128306E-02
   1251.00000     6.80186599E-02
   1252.00000     7.04410225E-02
   1253.00000     6.02266043E-02
   1254.00000     3.58843654E-02
   1255.00000    -2.23505497E-03
   1256.00000    -5.15857786E-02
   1257.00000   -0.107688934    
   1258.00000   -0.164967015    
   1259.00000   -0.217756808    
   1260.00000   -0.244625792    
   1261.00000   -0.257558644    
   1262.00000   -0.263572931    
   1263.00000   -0.261727095    
   1264.00000   -0.251301706    
   1265.00000   -0.231367499    
   1266.00000   -0.165001154    
   1267.00000    -7.90778399E-02
   1268.00000     2.30617672E-02
   1269.00000    0.136246487    
   1270.00000    0.253904581    
   1271.00000    0.366566062    
   1272.00000    0.219183326    
   1273.00000     9.40843374E-02
   1274.00000    -2.18634307E-03
   1275.00000    -1.61411110E-02
   1276.00000    -1.67456213E-02
   1277.00000    -1.65800806E-02
   1278.00000    -1.56693999E-02
   1279.00000     3.04853767E-02
   1280.00000    0.132861242    
   1281.00000    0.258631647    
   1282.00000    0.343768299    
   1283.00000    0.234381601    
   1284.00000    0.122824237    
   1285.00000     1.38670355E-02
   1286.00000    -8.87190551E-02
   1287.00000   -0.182653308    
   1288.00000   -0.247237220    
   1289.00000   -0.279758990    
   1290.00000   -0.309000790    
   1291.00000   -0.335462034    
   1292.00000   -0.359379649    
   1293.00000   -0.380599976    
   1294.00000   -0.398562729    
   1295.00000   -0.412359476    
   1296.00000   -0.420849442    
   1297.00000   -0.422763884    
   1298.00000   -0.416885793    
   1299.00000   -0.402265787    
   1300.00000   -0.378453910    
   1301.00000   -0.345706105    
   1302.00000   -0.305048764    
   1303.00000   -0.258144319    
   1304.00000   -0.173581257    
   1305.00000    -4.94124442E-02
   1306.00000     7.59328753E-02
   1307.00000    0.199396417    
   1308.00000    0.318494201    
   1309.00000    0.279930115    
   1310.00000    0.137249991    
   1311.00000     1.50496513E-02
   1312.00000    -1.64656322E-02
   1313.00000    -1.78441182E-02
   1314.00000    -1.85043011E-02
   1315.00000    -1.85206681E-02
   1316.00000    -1.80742443E-02
   1317.00000    -1.74236186E-02
   1318.00000    -1.68498252E-02
   1319.00000    -1.65979173E-02
   1320.00000    -1.68343615E-02
   1321.00000    -1.76309627E-02
   1322.00000    -1.89791545E-02
   1323.00000    -2.08225027E-02
   1324.00000    -2.30904855E-02
   1325.00000    -2.57198438E-02
   1326.00000    -2.86566317E-02
   1327.00000    -3.18409614E-02
   1328.00000    -3.51850837E-02
   1329.00000    -3.85576934E-02
   1330.00000    -4.17833328E-02
   1331.00000    -4.46624532E-02
   1332.00000    -4.70055193E-02
   1333.00000    -4.86715846E-02
   1334.00000    -4.96006645E-02
   1335.00000    -4.98276241E-02
   1336.00000    -4.94737588E-02
   1337.00000    -4.87223975E-02
   1338.00000    -4.77792993E-02
   1339.00000    -4.68322933E-02
   1340.00000    -4.60151508E-02
   1341.00000    -4.53850366E-02
   1342.00000    -4.49157022E-02
   1343.00000    -4.45076302E-02
   1344.00000    -4.40124944E-02
   1345.00000    -4.32673469E-02
   1346.00000    -4.21303064E-02
   1347.00000    -4.05089557E-02
   1348.00000    -3.83762270E-02
   1349.00000    -3.57701033E-02
   1350.00000    -3.27751450E-02
   1351.00000    -2.94978544E-02
   1352.00000    -2.60411818E-02
   1353.00000    -2.24906448E-02
   1354.00000    -1.89152285E-02
   1355.00000    -1.53821204E-02
   1356.00000    0.127094999    
   1357.00000    0.273501158    
   1358.00000    0.343151450    
   1359.00000    0.268224299    
   1360.00000    0.214371786    
   1361.00000    0.183811560    
   1362.00000    0.176533893    
   1363.00000    0.190355286    
   1364.00000    0.221561983    
   1365.00000    0.265721440    
   1366.00000    0.318315804    
   1367.00000    0.358060300    
   1368.00000    0.279702425    
   1369.00000    0.209635332    
   1370.00000    0.156085968    
   1371.00000    0.127212524    
   1372.00000    0.129247367    
   1373.00000    0.164200053    
   1374.00000    0.228243977    
   1375.00000    0.311465144    
   1376.00000    0.345304787    
   1377.00000    0.290183723    
   1378.00000    0.252290130    
   1379.00000    0.237481281    
   1380.00000    0.247106895    
   1381.00000    0.278425872    
   1382.00000    0.326035857    
   1383.00000    0.345811963    
   1384.00000    0.259236395    
   1385.00000    0.173295125    
   1386.00000     9.29419547E-02
   1387.00000     2.23624259E-02
   1388.00000    -1.54679706E-02
   1389.00000    -1.62983220E-02
   1390.00000    -1.66486409E-02
   1391.00000    -1.64705329E-02
   1392.00000    -1.57802217E-02
   1393.00000     2.29986012E-03
   1394.00000     6.41582757E-02
   1395.00000    0.126123548    
   1396.00000    0.176808909    
   1397.00000    0.206476808    
   1398.00000    0.208828017    
   1399.00000    0.182060882    
   1400.00000    0.128785253    
   1401.00000     5.49304336E-02
   1402.00000    -1.54191228E-02
   1403.00000    -1.74304042E-02
   1404.00000    -1.94552988E-02
   1405.00000    -2.14284770E-02
   1406.00000    -2.33242959E-02
   1407.00000    -2.51334906E-02
   1408.00000    -2.68352553E-02
   1409.00000    -2.83826981E-02
   1410.00000    -2.97044739E-02
   1411.00000    -3.07208523E-02
   1412.00000    -3.13658379E-02
   1413.00000    -3.16020846E-02
   1414.00000    -3.14254090E-02
   1415.00000    -3.08561791E-02
   1416.00000    -2.99255326E-02
   1417.00000    -2.86635086E-02
   1418.00000    -2.70965546E-02
   1419.00000    -2.52532102E-02
   1420.00000    -2.31723003E-02
   1421.00000    -2.09096204E-02
   1422.00000    -1.85373146E-02
   1423.00000    -1.61359161E-02
   1424.00000     4.35163528E-02
   1425.00000    0.146642312    
   1426.00000    0.241328493    
   1427.00000    0.324535787    
   1428.00000    0.350275815    
   1429.00000    0.315919042    
   1430.00000    0.299659014    
   1431.00000    0.305421829    
   1432.00000    0.336331427    
   1433.00000    0.331522942    
   1434.00000    0.214935258    
   1435.00000     6.70192391E-02
   1436.00000    -1.69938020E-02
   1437.00000    -2.10337453E-02
   1438.00000    -2.51971092E-02
   1439.00000    -2.93097794E-02
   1440.00000    -3.32327262E-02
   1441.00000    -3.68604101E-02
   1442.00000    -4.01076451E-02
   1443.00000    -4.28897515E-02
   1444.00000    -4.51064184E-02
   1445.00000    -4.66302708E-02
   1446.00000    -4.73082140E-02
   1447.00000    -4.69735116E-02
   1448.00000    -4.54674512E-02
   1449.00000    -4.26703244E-02
   1450.00000    -3.85360345E-02
   1451.00000    -3.31241786E-02
   1452.00000    -2.66241133E-02
   1453.00000    -1.93600655E-02
   1454.00000    0.136573657    
   1455.00000    0.288606405    
   1456.00000     6.67298287E-02
   1457.00000   -0.118678361    
   1458.00000   -0.243332699    
   1459.00000   -0.281926513    
   1460.00000   -0.300283432    
   1461.00000   -0.301720381    
   1462.00000   -0.291095674    
   1463.00000   -0.273924708    
   1464.00000   -0.255520642    
   1465.00000   -0.240341559    
   1466.00000   -0.230721742    
   1467.00000   -0.229223654    
   1468.00000   -0.238728508    
   1469.00000   -0.254044294    
   1470.00000   -0.274879456    
   1471.00000   -0.298441947    
   1472.00000   -0.321442723    
   1473.00000   -0.340432167    
   1474.00000   -0.352228165    
   1475.00000   -0.354359269    
   1476.00000   -0.345469952    
   1477.00000   -0.325619221    
   1478.00000   -0.296356916    
   1479.00000   -0.260595381    
   1480.00000   -0.209076419    
   1481.00000   -0.124217182    
   1482.00000    -5.39330095E-02
   1483.00000    -6.89852238E-03
   1484.00000     1.10079944E-02
   1485.00000    -2.36402452E-03
   1486.00000    -4.49436158E-02
   1487.00000   -0.110622928    
   1488.00000   -0.190202162    
   1489.00000   -0.249701247    
   1490.00000   -0.282141805    
   1491.00000   -0.307925463    
   1492.00000   -0.324885547    
   1493.00000   -0.332353890    
   1494.00000   -0.330947399    
   1495.00000   -0.322103977    
   1496.00000   -0.307595134    
   1497.00000   -0.289117455    
   1498.00000   -0.268030643    
   1499.00000   -0.245253071    
   1500.00000   -0.206734270    
   1501.00000   -0.148264244    
   1502.00000    -8.67206901E-02
   1503.00000    -2.13151276E-02
   1504.00000     4.86635417E-02
   1505.00000    0.123430833    
   1506.00000    0.202337459    
   1507.00000    0.283673584    
   1508.00000    0.364721358    
   1509.00000    0.263771951    
   1510.00000    0.164969906    
   1511.00000     7.95004517E-02
   1512.00000     8.98234546E-03
   1513.00000    -1.57529805E-02
   1514.00000    -1.67351291E-02
   1515.00000    -1.75736863E-02
   1516.00000    -1.83660500E-02
   1517.00000    -1.91848576E-02
   1518.00000    -2.00592615E-02
   1519.00000    -2.09712088E-02
   1520.00000    -2.18631364E-02
   1521.00000    -2.26551294E-02
   1522.00000    -2.32620426E-02
   1523.00000    -2.36063991E-02
   1524.00000    -2.36221924E-02
   1525.00000    -2.32534222E-02
   1526.00000    -2.24500075E-02
   1527.00000    -2.11684033E-02
   1528.00000    -1.93749182E-02
   1529.00000    -1.70560442E-02
   1530.00000     2.29189247E-02
   1531.00000    0.174077973    
   1532.00000    0.340850055    
   1533.00000    0.262154520    
   1534.00000    0.137222901    
   1535.00000     1.87980980E-02
   1536.00000    -8.72690231E-02
   1537.00000   -0.176394597    
   1538.00000   -0.237975970    
   1539.00000   -0.258596659    
   1540.00000   -0.270022511    
   1541.00000   -0.272540808    
   1542.00000   -0.266739190    
   1543.00000   -0.253590405    
   1544.00000   -0.234604791    
   1545.00000   -0.184953079    
   1546.00000   -0.129482642    
   1547.00000    -7.74692744E-02
   1548.00000    -3.35927010E-02
   1549.00000     3.37243080E-04
   1550.00000     2.61572450E-02
   1551.00000     4.90635186E-02
   1552.00000     7.60460645E-02
   1553.00000    0.113707080    
   1554.00000    0.166035578    
   1555.00000    0.233148739    
   1556.00000    0.311302125    
   1557.00000    0.330905020    
   1558.00000    0.217409521    
   1559.00000    0.114454135    
   1560.00000     2.65953988E-02
   1561.00000    -1.56957395E-02
   1562.00000    -1.68964081E-02
   1563.00000    -1.77709702E-02
   1564.00000    -1.83186606E-02
   1565.00000    -1.85160711E-02
   1566.00000    -1.83361098E-02
   1567.00000    -1.77815277E-02
   1568.00000    -1.69142373E-02
   1569.00000    -1.58666968E-02
   1570.00000    -4.63168323E-03
   1571.00000     3.34671587E-02
   1572.00000     5.30454665E-02
   1573.00000     4.82922941E-02
   1574.00000     1.71362013E-02
   1575.00000    -1.55638261E-02
   1576.00000    -1.71994958E-02
   1577.00000    -1.91046633E-02
   1578.00000    -2.10938510E-02
   1579.00000    -2.29735412E-02
   1580.00000    -2.45637856E-02
   1581.00000    -2.57173032E-02
   1582.00000    -2.63376758E-02
   1583.00000    -2.63899863E-02
   1584.00000    -2.59033293E-02
   1585.00000    -2.49606743E-02
   1586.00000    -2.36834586E-02
   1587.00000    -2.22107284E-02
   1588.00000    -2.06831321E-02
   1589.00000    -1.92333777E-02
   1590.00000    -1.79816317E-02
   1591.00000    -1.70324687E-02
   1592.00000    -1.64642595E-02
   1593.00000    -1.63071249E-02
   1594.00000    -1.65133364E-02
   1595.00000    -1.69321243E-02
   1596.00000    -1.73045769E-02
   1597.00000    -1.72916688E-02
   1598.00000    -1.65364649E-02
   1599.00000    -8.79034400E-04
   1600.00000    0.136839271    
   1601.00000    0.328141749    
   1602.00000    0.228587046    
   1603.00000     4.12891358E-02
   1604.00000   -0.152009472    
   1605.00000   -0.277658701    
   1606.00000   -0.349661529    
   1607.00000   -0.410288751    
   1608.00000   -0.457358420    
   1609.00000   -0.489720643    
   1610.00000   -0.506944120    
   1611.00000   -0.509064198    
   1612.00000   -0.496421158    
   1613.00000   -0.469631791    
   1614.00000   -0.429598689    
   1615.00000   -0.377562225    
   1616.00000   -0.315117955    
   1617.00000   -0.244261578    
   1618.00000    -8.12323242E-02
   1619.00000    0.105628356    
   1620.00000    0.293562412    
   1621.00000    0.216639176    
   1622.00000    -1.52027458E-02
   1623.00000    -1.98530275E-02
   1624.00000    -2.38840971E-02
   1625.00000    -2.72449944E-02
   1626.00000    -2.99265347E-02
   1627.00000    -3.19390371E-02
   1628.00000    -3.32907587E-02
   1629.00000    -3.39758173E-02
   1630.00000    -3.39780115E-02
   1631.00000    -3.32876667E-02
   1632.00000    -3.19231413E-02
   1633.00000    -2.99451761E-02
   1634.00000    -2.74572372E-02
   1635.00000    -2.45908462E-02
   1636.00000    -2.14845575E-02
   1637.00000    -1.82630550E-02
   1638.00000    -1.39591545E-02
   1639.00000    0.132414088    
   1640.00000    0.272680938    
   1641.00000    0.342152894    
   1642.00000    0.256957829    
   1643.00000    0.182093903    
   1644.00000    0.118927941    
   1645.00000     6.78478926E-02
   1646.00000     2.79795080E-02
   1647.00000    -2.81020999E-03
   1648.00000    -2.75337547E-02
   1649.00000    -4.93867546E-02
   1650.00000    -7.08969384E-02
   1651.00000    -9.32073295E-02
   1652.00000   -0.115673430    
   1653.00000   -0.135970786    
   1654.00000   -0.150721088    
   1655.00000   -0.156518236    
   1656.00000   -0.151097149    
   1657.00000   -0.134262189    
   1658.00000   -0.108202964    
   1659.00000    -7.70986825E-02
   1660.00000    -4.59703654E-02
   1661.00000    -1.93142742E-02
   1662.00000     9.65595245E-05
   1663.00000     1.17138028E-02
   1664.00000     1.68590397E-02
   1665.00000     1.76627338E-02
   1666.00000     1.57612115E-02
   1667.00000     1.13294274E-02
   1668.00000     2.85084546E-03
   1669.00000    -1.22788101E-02
   1670.00000    -3.65502685E-02
   1671.00000    -7.11294860E-02
   1672.00000   -0.114995278    
   1673.00000   -0.164978161    
   1674.00000   -0.216380715    
   1675.00000   -0.245927587    
   1676.00000   -0.263076186    
   1677.00000   -0.275636017    
   1678.00000   -0.282989025    
   1679.00000   -0.284894168    
   1680.00000   -0.281202078    
   1681.00000   -0.271722198    
   1682.00000   -0.256326079    
   1683.00000   -0.235265628    
   1684.00000   -0.179406583    
   1685.00000   -0.112978183    
   1686.00000    -4.62771356E-02
   1687.00000     1.36743635E-02
   1688.00000     6.05463833E-02
   1689.00000     9.00347382E-02
   1690.00000    0.100635633    
   1691.00000     9.36348885E-02
   1692.00000     7.25083500E-02
   1693.00000     4.20466512E-02
   1694.00000     7.59367645E-03
   1695.00000    -2.55017579E-02
   1696.00000    -5.22397459E-02
   1697.00000    -6.83983713E-02
   1698.00000    -7.11227804E-02
   1699.00000    -5.95902652E-02
   1700.00000    -3.55009139E-02
   1701.00000    -2.95440853E-03
   1702.00000     3.23920399E-02
   1703.00000     6.46990091E-02
   1704.00000     8.94712359E-02
   1705.00000    0.104589865    
   1706.00000    0.110587552    
   1707.00000    0.110072389    
   1708.00000    0.106785700    
   1709.00000    0.104491428    
   1710.00000    0.106161848    
   1711.00000    0.113706931    
   1712.00000    0.128103599    
   1713.00000    0.149873868    
   1714.00000    0.179586276    
   1715.00000    0.218171582    
   1716.00000    0.266897619    
   1717.00000    0.326955318    
   1718.00000    0.324432969    
   1719.00000    0.207950890    
   1720.00000     7.88235217E-02
   1721.00000    -1.59863085E-02
   1722.00000    -1.90063696E-02
   1723.00000    -2.19735652E-02
   1724.00000    -2.48143934E-02
   1725.00000    -2.74965521E-02
   1726.00000    -3.00195031E-02
   1727.00000    -3.23967487E-02
   1728.00000    -3.46346796E-02
   1729.00000    -3.67178619E-02
   1730.00000    -3.86030897E-02
   1731.00000    -4.02186662E-02
   1732.00000    -4.14708182E-02
   1733.00000    -4.22517881E-02
   1734.00000    -4.24504615E-02
   1735.00000    -4.19674590E-02
   1736.00000    -4.07312214E-02
   1737.00000    -3.87124941E-02
   1738.00000    -3.59302014E-02
   1739.00000    -3.24469432E-02
   1740.00000    -2.83508934E-02
   1741.00000    -2.37362981E-02
   1742.00000    -1.86911747E-02
   1743.00000     6.58977479E-02
   1744.00000    0.326401770    
   1745.00000    0.208054647    
   1746.00000     2.15231627E-02
   1747.00000   -0.153812423    
   1748.00000   -0.265046716    
   1749.00000   -0.318960726    
   1750.00000   -0.357288897    
   1751.00000   -0.378397286    
   1752.00000   -0.382235289    
   1753.00000   -0.370314598    
   1754.00000   -0.345454812    
   1755.00000   -0.311365843    
   1756.00000   -0.272158921    
   1757.00000   -0.231373519    
   1758.00000   -0.143085852    
   1759.00000    -6.66099638E-02
   1760.00000    -6.04984164E-03
   1761.00000     3.65351290E-02
   1762.00000     6.07319921E-02
   1763.00000     6.72857314E-02
   1764.00000     5.76915294E-02
   1765.00000     3.39226276E-02
   1766.00000    -1.54568255E-03
   1767.00000    -4.57065403E-02
   1768.00000    -9.50336903E-02
   1769.00000   -0.145603731    
   1770.00000   -0.193398863    
   1771.00000   -0.233216837    
   1772.00000   -0.246526197    
   1773.00000   -0.254060864    
   1774.00000   -0.254572034    
   1775.00000   -0.247047439    
   1776.00000   -0.229219571    
   1777.00000   -0.172041997    
   1778.00000    -9.78708416E-02
   1779.00000    -1.16598010E-02
   1780.00000     7.98521787E-02
   1781.00000    0.169240072    
   1782.00000    0.249588832    
   1783.00000    0.315455675    
   1784.00000    0.363201559    
   1785.00000    0.335977495    
   1786.00000    0.327874839    
   1787.00000    0.351494014    
   1788.00000    0.339648306    
   1789.00000    0.277484477    
   1790.00000    0.196234360    
   1791.00000    0.102078184    
   1792.00000     4.04289365E-03
   1793.00000    -8.71905535E-02
   1794.00000   -0.161216140    
   1795.00000   -0.209890217    
   1796.00000   -0.228802592    
   1797.00000   -0.217793241    
   1798.00000   -0.180502906    
   1799.00000   -0.123328432    
   1800.00000    -5.41262925E-02
   1801.00000     1.89135224E-02
   1802.00000     8.80461484E-02
   1803.00000    0.146392837    
   1804.00000    0.188089326    
   1805.00000    0.208286330    
   1806.00000    0.203215435    
   1807.00000    0.170318946    
   1808.00000    0.108600751    
   1809.00000     1.90521926E-02
   1810.00000    -9.48915333E-02
   1811.00000   -0.227273777    
   1812.00000   -0.291330934    
   1813.00000   -0.352782249    
   1814.00000   -0.410155714    
   1815.00000   -0.459615767    
   1816.00000   -0.498223543    
   1817.00000   -0.524110615    
   1818.00000   -0.536343217    
   1819.00000   -0.534581900    
   1820.00000   -0.518732309    
   1821.00000   -0.488782585    
   1822.00000   -0.444943368    
   1823.00000   -0.388033330    
   1824.00000   -0.319893956    
   1825.00000   -0.243577138    
   1826.00000    -7.13484883E-02
   1827.00000    0.115587249    
   1828.00000    0.293379843    
   1829.00000    0.243673757    
   1830.00000     3.77427489E-02
   1831.00000    -1.79372728E-02
   1832.00000    -2.16577575E-02
   1833.00000    -2.51889266E-02
   1834.00000    -2.85885297E-02
   1835.00000    -3.18247080E-02
   1836.00000    -3.47799025E-02
   1837.00000    -3.72881927E-02
   1838.00000    -3.91852334E-02
   1839.00000    -4.03552055E-02
   1840.00000    -4.07568067E-02
   1841.00000    -4.04212996E-02
   1842.00000    -3.94291878E-02
   1843.00000    -3.78753692E-02
   1844.00000    -3.58405560E-02
   1845.00000    -3.33730802E-02
   1846.00000    -3.04909609E-02
   1847.00000    -2.71970294E-02
   1848.00000    -2.35006586E-02
   1849.00000    -1.94398537E-02
   1850.00000    -1.50957052E-02
   1851.00000    0.190777808    
   1852.00000    0.346245587    
   1853.00000    0.204528525    
   1854.00000     7.46117681E-02
   1855.00000    -3.92833799E-02
   1856.00000   -0.134887859    
   1857.00000   -0.211962476    
   1858.00000   -0.249195501    
   1859.00000   -0.268252313    
   1860.00000   -0.281253159    
   1861.00000   -0.288269043    
   1862.00000   -0.288849533    
   1863.00000   -0.282310784    
   1864.00000   -0.268231452    
   1865.00000   -0.246980980    
   1866.00000   -0.203969494    
   1867.00000   -0.134349898    
   1868.00000    -6.57256693E-02
   1869.00000    -6.17314875E-03
   1870.00000     3.80061418E-02
   1871.00000     6.39650971E-02
   1872.00000     7.30516464E-02
   1873.00000     7.04446882E-02
   1874.00000     6.36817366E-02
   1875.00000     6.05964214E-02
   1876.00000     6.73670620E-02
   1877.00000     8.72672051E-02
   1878.00000    0.120494232    
   1879.00000    0.164962336    
   1880.00000    0.217621550    
   1881.00000    0.275633991    
   1882.00000    0.336991906    
   1883.00000    0.322255015    
   1884.00000    0.231952250    
   1885.00000    0.142552987    
   1886.00000     5.76174706E-02
   1887.00000    -1.51182981E-02
   1888.00000    -1.64454989E-02
   1889.00000    -1.73545536E-02
   1890.00000    -1.77623611E-02
   1891.00000    -1.76154878E-02
   1892.00000    -1.68927982E-02
   1893.00000    -1.56052792E-02
   1894.00000     4.26713079E-02
   1895.00000    0.145272627    
   1896.00000    0.260157228    
   1897.00000    0.360766590    
   1898.00000    0.282757044    
   1899.00000    0.218831494    
   1900.00000    0.176175609    
   1901.00000    0.159957960    
   1902.00000    0.172743067    
   1903.00000    0.214291587    
   1904.00000    0.281781316    
   1905.00000    0.364563644    
   1906.00000    0.220167592    
   1907.00000     6.53224438E-02
   1908.00000    -1.66861750E-02
   1909.00000    -1.99175011E-02
   1910.00000    -2.29001008E-02
   1911.00000    -2.55853701E-02
   1912.00000    -2.79597100E-02
   1913.00000    -3.00053768E-02
   1914.00000    -3.16638574E-02
   1915.00000    -3.28195766E-02
   1916.00000    -3.33142914E-02
   1917.00000    -3.29905674E-02
   1918.00000    -3.17483544E-02
   1919.00000    -2.95899808E-02
   1920.00000    -2.66353395E-02
   1921.00000    -2.31004283E-02
   1922.00000    -1.92494225E-02
   1923.00000    -1.53379962E-02
   1924.00000    0.145744666    
   1925.00000    0.306858301    
   1926.00000    0.308150411    
   1927.00000    0.217809662    
   1928.00000    0.141272381    
   1929.00000     7.94822127E-02
   1930.00000     3.33002955E-02
   1931.00000     2.94156373E-03
   1932.00000    -1.26532018E-02
   1933.00000    -1.62684619E-02
   1934.00000    -1.22877359E-02
   1935.00000    -6.20295107E-03
   1936.00000    -3.73417139E-03
   1937.00000    -9.95078683E-03
   1938.00000    -2.85278559E-02
   1939.00000    -6.13531023E-02
   1940.00000   -0.108507022    
   1941.00000   -0.168575391    
   1942.00000   -0.235231206    
   1943.00000   -0.269057512    
   1944.00000   -0.305368364    
   1945.00000   -0.343425274    
   1946.00000   -0.382662892    
   1947.00000   -0.422482789    
   1948.00000   -0.462018132    
   1949.00000   -0.499889672    
   1950.00000   -0.534183264    
   1951.00000   -0.562636077    
   1952.00000   -0.583030701    
   1953.00000   -0.593656301    
   1954.00000   -0.593692660    
   1955.00000   -0.583362579    
   1956.00000   -0.563845098    
   1957.00000   -0.536987603    
   1958.00000   -0.504949212    
   1959.00000   -0.469917417    
   1960.00000   -0.433956563    
   1961.00000   -0.398961663    
   1962.00000   -0.366670787    
   1963.00000   -0.338613629    
   1964.00000   -0.315981984    
   1965.00000   -0.299413919    
   1966.00000   -0.288784981    
   1967.00000   -0.283089995    
   1968.00000   -0.280499756    
   1969.00000   -0.278595746    
   1970.00000   -0.274769068    
   1971.00000   -0.266678512    
   1972.00000   -0.252677858    
   1973.00000   -0.231932014    
   1974.00000   -0.169485971    
   1975.00000    -9.55692232E-02
   1976.00000    -1.48558021E-02
   1977.00000     6.71295375E-02
   1978.00000    0.144875810    
   1979.00000    0.213761166    
   1980.00000    0.270781636    
   1981.00000    0.315058887    
   1982.00000    0.347818434    
   1983.00000    0.362214804    
   1984.00000    0.335596681    
   1985.00000    0.311827123    
   1986.00000    0.288606703    
   1987.00000    0.266319931    
   1988.00000    0.247739866    
   1989.00000    0.236880824    
   1990.00000    0.237617359    
   1991.00000    0.252545357    
   1992.00000    0.282677233    
   1993.00000    0.327827096    
   1994.00000    0.353900969    
   1995.00000    0.301222861    
   1996.00000    0.238580272    
   1997.00000    0.166719481    
   1998.00000     8.78415853E-02
   1999.00000     6.19924068E-03
   2000.00000    -7.20383674E-02
   2001.00000   -0.139678195    
   2002.00000   -0.189962268    
   2003.00000   -0.217962563    
   2004.00000   -0.221530750    
   2005.00000   -0.201496407    
   2006.00000   -0.161260381    
   2007.00000   -0.105944335    
   2008.00000    -4.14351076E-02
   2009.00000     2.64459699E-02
   2010.00000     9.26031619E-02
   2011.00000    0.153043821
