1.878000000000000000e+03 -9.859615566879198489e-03
1.879000000000000000e+03 2.090254440064741315e-01
1.880000000000000000e+03 3.777365899027262386e-01
1.881000000000000000e+03 4.964338085702479919e-01
1.882000000000000000e+03 5.711748973578025801e-01
1.883000000000000000e+03 6.092670074273214276e-01
1.884000000000000000e+03 6.152729885689387501e-01
1.885000000000000000e+03 5.896680294002805134e-01
1.886000000000000000e+03 5.304516443678433113e-01
1.887000000000000000e+03 4.365366924933516413e-01
1.888000000000000000e+03 3.115557836145749770e-01
1.889000000000000000e+03 1.669576160358848815e-01
1.890000000000000000e+03 2.228059221924366673e-02
1.891000000000000000e+03 -9.716232677606781443e-02
1.892000000000000000e+03 -1.648939044999953030e-01
1.893000000000000000e+03 -1.594463703286410905e-01
1.894000000000000000e+03 -6.968932493429164099e-02
1.895000000000000000e+03 1.023346292769358734e-01
1.896000000000000000e+03 3.417091516617268843e-01
1.897000000000000000e+03 6.236390034724937914e-01
1.898000000000000000e+03 9.185020145612521336e-01
1.899000000000000000e+03 1.196588819960469730e+00
1.900000000000000000e+03 1.431382271761443059e+00
1.901000000000000000e+03 1.601464227160011244e+00
1.902000000000000000e+03 1.691566900050143651e+00
1.903000000000000000e+03 1.693388410372194119e+00
1.904000000000000000e+03 1.606723549783849014e+00
1.905000000000000000e+03 1.440885188312660103e+00
1.906000000000000000e+03 1.215420408885489856e+00
1.907000000000000000e+03 9.584466316406841102e-01
1.908000000000000000e+03 7.023879321393649011e-01
1.909000000000000000e+03 4.779773706081399398e-01
1.910000000000000000e+03 3.078899664338683451e-01
1.911000000000000000e+03 2.019495260836674522e-01
1.912000000000000000e+03 1.564226490786517487e-01
1.913000000000000000e+03 1.570591369578132890e-01
1.914000000000000000e+03 1.846137073099768655e-01
1.915000000000000000e+03 2.208032610406561735e-01
1.916000000000000000e+03 2.523622616131775409e-01
1.917000000000000000e+03 2.729636453053326250e-01
1.918000000000000000e+03 2.828298492967890043e-01
1.919000000000000000e+03 2.870628814406578355e-01
1.920000000000000000e+03 2.937802349443299210e-01
1.921000000000000000e+03 3.122650162041416544e-01
1.922000000000000000e+03 3.506875382696305055e-01
1.923000000000000000e+03 4.140814730037661873e-01
1.924000000000000000e+03 5.023236524603773567e-01
1.925000000000000000e+03 6.090498723647095325e-01
1.926000000000000000e+03 7.224823662097119570e-01
1.927000000000000000e+03 8.274896094706253313e-01
1.928000000000000000e+03 9.088897876042976165e-01
1.929000000000000000e+03 9.547639097819370368e-01
1.930000000000000000e+03 9.593235048012225263e-01
1.931000000000000000e+03 9.244668201424325327e-01
1.932000000000000000e+03 8.598214938318129441e-01
1.933000000000000000e+03 7.809059413893129076e-01
1.934000000000000000e+03 7.055648534205519740e-01
1.935000000000000000e+03 6.493879117262039147e-01
1.936000000000000000e+03 6.214015737467142309e-01
1.937000000000000000e+03 6.209040372196807933e-01
1.938000000000000000e+03 6.369151782725385180e-01
1.939000000000000000e+03 6.505263590524106299e-01
1.940000000000000000e+03 6.397548818793141745e-01
1.941000000000000000e+03 5.852861781528773122e-01
1.942000000000000000e+03 4.754632603235474653e-01
1.943000000000000000e+03 3.086958051784702284e-01
1.944000000000000000e+03 9.339165839355961785e-02
1.945000000000000000e+03 -1.551369275867303110e-01
1.946000000000000000e+03 -4.185494756054862764e-01
1.947000000000000000e+03 -6.789356568015261217e-01
1.948000000000000000e+03 -9.210850104896732837e-01
1.949000000000000000e+03 -1.133233396316430497e+00
1.950000000000000000e+03 -1.306803206051957877e+00
1.951000000000000000e+03 -1.435841269078749871e+00
1.952000000000000000e+03 -1.516411408103811809e+00
1.953000000000000000e+03 -1.546510427706859980e+00
1.954000000000000000e+03 -1.526976539692658008e+00
1.955000000000000000e+03 -1.462686247701566078e+00
1.956000000000000000e+03 -1.363296528205985680e+00
1.957000000000000000e+03 -1.243016700225416660e+00
1.958000000000000000e+03 -1.118460512899406512e+00
1.959000000000000000e+03 -1.004773771663512560e+00
1.960000000000000000e+03 -9.121377384957543022e-01
1.961000000000000000e+03 -8.435784477890768684e-01
1.962000000000000000e+03 -7.957747419058246452e-01
1.963000000000000000e+03 -7.621793454262619782e-01
1.964000000000000000e+03 -7.371002506825199418e-01
1.965000000000000000e+03 -7.188582114875066154e-01
1.966000000000000000e+03 -7.104209744636917900e-01
1.967000000000000000e+03 -7.173696731085332789e-01
1.968000000000000000e+03 -7.442835275441483933e-01
1.969000000000000000e+03 -7.905156605635592637e-01
1.970000000000000000e+03 -8.472796726206481832e-01
1.971000000000000000e+03 -8.974748313621144780e-01
1.972000000000000000e+03 -9.181495102485527360e-01
1.973000000000000000e+03 -8.855157476251385162e-01
1.974000000000000000e+03 -7.808448093742930141e-01
1.975000000000000000e+03 -5.961238750518172980e-01
1.976000000000000000e+03 -3.371532770677483359e-01
1.977000000000000000e+03 -2.351229827744796830e-02
1.978000000000000000e+03 3.152213859468483981e-01
1.979000000000000000e+03 6.454212514796840994e-01
1.980000000000000000e+03 9.358708081364262021e-01
1.981000000000000000e+03 1.163182978694804692e+00
1.982000000000000000e+03 1.314962181432837163e+00
1.983000000000000000e+03 1.390070886611253442e+00
1.984000000000000000e+03 1.397693235420085278e+00
1.985000000000000000e+03 1.354338684624329936e+00
1.986000000000000000e+03 1.280564338009786418e+00
1.987000000000000000e+03 1.197728388303291203e+00
1.988000000000000000e+03 1.124385947608705250e+00
1.989000000000000000e+03 1.073062811780076009e+00
1.990000000000000000e+03 1.047883237774069665e+00
1.991000000000000000e+03 1.043507974510066383e+00
1.992000000000000000e+03 1.045752294867672738e+00
1.993000000000000000e+03 1.035388446278269647e+00
1.994000000000000000e+03 9.929870932221183111e-01
1.995000000000000000e+03 9.045233157365453192e-01
1.996000000000000000e+03 7.657781810081851770e-01
1.997000000000000000e+03 5.838913422366771577e-01
1.998000000000000000e+03 3.757374403939065521e-01
1.999000000000000000e+03 1.632703199061721622e-01
2.000000000000000000e+03 -3.273782307669098612e-02
2.001000000000000000e+03 -1.984015936042899941e-01
2.002000000000000000e+03 -3.298936050040403023e-01
2.003000000000000000e+03 -4.328175043956465351e-01
2.004000000000000000e+03 -5.182514300999578882e-01
2.005000000000000000e+03 -5.969432554501306054e-01
2.006000000000000000e+03 -6.741701399678902140e-01
2.007000000000000000e+03 -7.471631804925646936e-01
2.008000000000000000e+03 -8.053622915608891208e-01
2.009000000000000000e+03 -8.341878874569790270e-01
2.010000000000000000e+03 -8.203164236840930768e-01
2.011000000000000000e+03 -7.568133690851565065e-01
