  -4.00000000             1.09204054E-02
  -3.00000000             1.28728151E-02
  -2.00000000             1.77078247E-02
  -1.00000000             2.49959230E-02
   0.00000000            -5.30908704E-02
   1.00000000            -2.41361856E-02
   2.00000000             6.98566437E-03
   3.00000000             3.78646851E-02
   4.00000000             6.52272105E-02
   5.00000000             8.52611065E-02
   6.00000000             9.44716334E-02
   7.00000000             9.07203555E-02
   8.00000000             7.40839839E-02
   9.00000000             4.72046733E-02
   10.0000000             1.48093700E-02
   11.0000000            -1.73338056E-02
   12.0000000            -4.37676311E-02
   13.0000000            -6.07238412E-02
   14.0000000            -6.68860078E-02
   15.0000000            -6.35518432E-02
   16.0000000            -5.39745092E-02
   17.0000000            -4.22744155E-02
   18.0000000            -3.21610570E-02
   19.0000000            -2.60279179E-02
   20.0000000            -2.45400071E-02
   21.0000000            -2.69002914E-02
   22.0000000            -3.14725041E-02
   23.0000000            -3.65973711E-02
   24.0000000            -4.12166715E-02
   25.0000000            -4.50714231E-02
   26.0000000            -4.86181378E-02
   27.0000000            -5.25754690E-02
   28.0000000            -5.75183034E-02
   29.0000000            -6.35679364E-02
   30.0000000            -7.02300668E-02
   31.0000000             2.55969763E-02
   32.0000000             2.38677859E-02
   33.0000000             2.30957270E-02
   34.0000000             2.33788490E-02
   35.0000000             2.44631767E-02
   36.0000000             2.57676244E-02
   37.0000000            -7.39037991E-02
   38.0000000            -2.94303298E-02
   39.0000000             2.47459412E-02
   40.0000000             2.23556161E-02
   41.0000000             1.99210644E-02
   42.0000000             1.84165239E-02
   43.0000000             1.86218023E-02
   44.0000000             2.08513141E-02
   45.0000000             2.48783827E-02
   46.0000000            -6.44425750E-02
   47.0000000            -4.95530367E-02
   48.0000000            -3.58233452E-02
   49.0000000            -2.46441960E-02
   50.0000000            -1.66327953E-02
   51.0000000            -1.16721988E-02
   52.0000000            -9.00721550E-03
   53.0000000            -7.33327866E-03
   54.0000000            -4.87339497E-03
   55.0000000             2.63392925E-04
   56.0000000             9.59211588E-03
   57.0000000             2.36727595E-02
   58.0000000             4.15996909E-02
   59.0000000             6.10664487E-02
   60.0000000             7.88733363E-02
   61.0000000             9.18828845E-02
   62.0000000             9.79375243E-02
   63.0000000             9.64660645E-02
   64.0000000             8.85146856E-02
   65.0000000             7.63086677E-02
   66.0000000             6.25109673E-02
   67.0000000             4.95494604E-02
   68.0000000             3.91153097E-02
   69.0000000             3.19746733E-02
   70.0000000             2.79864073E-02
   71.0000000             2.62421370E-02
   72.0000000             2.54052281E-02
   73.0000000             2.41495371E-02
   74.0000000             2.16518641E-02
   75.0000000             1.79842710E-02
   76.0000000             1.42574906E-02
   77.0000000             1.23254657E-02
   78.0000000             1.41865611E-02
   79.0000000             2.12860703E-02
   80.0000000             3.37606668E-02
   81.0000000             5.01848459E-02
   82.0000000             6.76632524E-02
   83.0000000             8.24163556E-02
   84.0000000             9.05923247E-02
   85.0000000             8.93363953E-02
   86.0000000             7.75568485E-02
   87.0000000             5.63721657E-02
   88.0000000             2.89103389E-02
   89.0000000            -5.17070293E-04
   90.0000000            -2.74806619E-02
   91.0000000            -4.85303998E-02
   92.0000000            -6.19707108E-02
   93.0000000            -6.78017735E-02
   94.0000000            -6.72622919E-02
   95.0000000            -6.20360374E-02
   96.0000000            -5.36296964E-02
   97.0000000            -4.31340337E-02
   98.0000000            -3.13846469E-02
   99.0000000            -1.93995237E-02
   100.000000            -8.63289833E-03
   101.000000            -1.01697445E-03
   102.000000             1.44773722E-03
   103.000000            -2.68465281E-03
   104.000000            -1.37925744E-02
   105.000000            -3.08574438E-02
   106.000000            -5.16898632E-02
   107.000000            -7.35276341E-02
   108.000000             1.92422867E-02
   109.000000             1.30476356E-02
   110.000000             8.36747885E-03
   111.000000             5.07551432E-03
   112.000000             2.83515453E-03
   113.000000             1.31213665E-03
   114.000000             3.13937664E-04
   115.000000            -1.81257725E-04
   116.000000            -7.23004341E-05
   117.000000             7.44223595E-04
   118.000000             2.25758553E-03
   119.000000             4.32717800E-03
   120.000000             6.73794746E-03
   121.000000             9.30809975E-03
   122.000000             1.20330453E-02
   123.000000             1.51044130E-02
   124.000000             1.88741088E-02
   125.000000             2.36698985E-02
   126.000000            -6.57613277E-02
   127.000000            -4.76247072E-02
   128.000000            -2.90653110E-02
   129.000000            -1.22374296E-02
   130.000000             1.13868713E-03
   131.000000             1.03933811E-02
   132.000000             1.63530707E-02
   133.000000             2.10621357E-02
   134.000000             2.73464918E-02
   135.000000             3.80075574E-02
   136.000000             5.51209450E-02
   137.000000             7.94305205E-02
   138.000000            0.109887362    
   139.000000            0.143655598    
   140.000000            0.176474452    
   141.000000            0.203469336    
   142.000000            0.220352232    
   143.000000            0.224442065    
   144.000000            0.215337098    
   145.000000            0.194911778    
   146.000000            0.166631937    
   147.000000            0.134517312    
   148.000000            0.102109611    
   149.000000             7.16963410E-02
   150.000000             4.40720320E-02
   151.000000             1.87669992E-02
   152.000000            -5.35833836E-03
   153.000000            -2.94640064E-02
   154.000000            -5.40688038E-02
   155.000000             2.47500539E-02
   156.000000             1.60090923E-02
   157.000000             8.26245546E-03
   158.000000             2.10601091E-03
   159.000000            -2.04145908E-03
   160.000000            -4.02414799E-03
   161.000000            -3.92317772E-03
   162.000000            -1.92815065E-03
   163.000000             1.78313255E-03
   164.000000             7.14415312E-03
   165.000000             1.41519308E-02
   166.000000             2.27077603E-02
   167.000000            -5.80714345E-02
   168.000000            -3.11974883E-02
   169.000000            -7.54946470E-03
   170.000000             8.38845968E-03
   171.000000             1.27241611E-02
   172.000000             3.49444151E-03
   173.000000            -1.83871984E-02
   174.000000            -4.91366386E-02
   175.000000             2.32196450E-02
   176.000000             1.19416118E-02
   177.000000             3.77494097E-03
   178.000000            -1.82390213E-04
   179.000000             2.03311443E-04
   180.000000             4.25338745E-03
   181.000000             1.08175874E-02
   182.000000             1.86527967E-02
   183.000000            -7.34341741E-02
   184.000000            -5.28342128E-02
   185.000000            -3.48603725E-02
   186.000000            -2.05483437E-02
   187.000000            -1.09473467E-02
   188.000000            -7.12388754E-03
   189.000000            -9.71788168E-03
   190.000000            -1.85410380E-02
   191.000000            -3.20816040E-02
   192.000000            -4.75016832E-02
   193.000000            -6.10420704E-02
   194.000000            -6.88114762E-02
   195.000000            -6.77732229E-02
   196.000000            -5.65916300E-02
   197.000000            -3.62524986E-02
   198.000000            -1.01032257E-02
   199.000000             1.66813135E-02
   200.000000             3.81507277E-02
   201.000000             4.90949750E-02
   202.000000             4.64451909E-02
   203.000000             3.03364992E-02
   204.000000             4.34583426E-03
   205.000000            -2.51612067E-02
   206.000000            -5.05016446E-02
   207.000000            -6.45881295E-02
   208.000000            -6.27942681E-02
   209.000000            -4.42724228E-02
   210.000000            -1.22876167E-02
   211.000000             2.65036821E-02
   212.000000             6.38365149E-02
   213.000000             9.19244885E-02
   214.000000            0.105443656    
   215.000000            0.102594197    
   216.000000             8.50819945E-02
   217.000000             5.71931005E-02
   218.000000             2.43216753E-02
   219.000000            -8.39507580E-03
   220.000000            -3.70475054E-02
   221.000000            -5.93902469E-02
   222.000000            -1.80212855E-02
   223.000000             2.27074623E-02
   224.000000             2.06934214E-02
   225.000000             1.92235708E-02
   226.000000             1.73553824E-02
   227.000000             1.43551230E-02
   228.000000             9.87160206E-03
   229.000000             3.99243832E-03
   230.000000            -2.81816721E-03
   231.000000            -9.88870859E-03
   232.000000            -1.65388584E-02
   233.000000            -2.22712159E-02
   234.000000            -2.68364549E-02
   235.000000            -3.01857591E-02
   236.000000            -3.23426723E-02
   237.000000            -3.32379937E-02
   238.000000            -3.25942636E-02
   239.000000            -2.99144387E-02
   240.000000            -2.46073604E-02
   241.000000            -1.62400603E-02
   242.000000            -4.75966930E-03
   243.000000             9.33235884E-03
   244.000000             2.49674916E-02
   245.000000            -3.56652141E-02
   246.000000             2.75570154E-03
   247.000000             3.33939195E-02
   248.000000             5.41497469E-02
   249.000000             6.49363399E-02
   250.000000             6.76556230E-02
   251.000000             6.55942559E-02
   252.000000             6.24023080E-02
   253.000000             6.09935522E-02
   254.000000             6.26844168E-02
   255.000000             6.69040084E-02
   256.000000             7.16028214E-02
   257.000000             7.42408633E-02
   258.000000             7.29064345E-02
   259.000000             6.72205091E-02
   260.000000             5.85218668E-02
   261.000000             4.94301915E-02
   262.000000             4.28117514E-02
   263.000000             4.06607389E-02
   264.000000             4.32483554E-02
   265.000000             4.89513278E-02
   266.000000             5.48626781E-02
   267.000000             5.78157306E-02
   268.000000             5.55604100E-02
   269.000000             4.75551486E-02
   270.000000             3.50893140E-02
   271.000000             2.06812024E-02
   272.000000             7.02726841E-03
   273.000000            -4.01538610E-03
   274.000000            -1.20736361E-02
   275.000000            -1.83251500E-02
   276.000000            -2.49474049E-02
   277.000000            -3.42900157E-02
   278.000000            -4.80561256E-02
   279.000000            -6.68142438E-02
   280.000000             2.06851959E-02
   281.000000             1.13118887E-02
   282.000000             2.01481581E-03
   283.000000            -6.11454248E-03
   284.000000            -1.20340586E-02
   285.000000            -1.49564743E-02
   286.000000            -1.45084858E-02
   287.000000            -1.08364224E-02
   288.000000            -4.61834669E-03
   289.000000             3.03369761E-03
   290.000000             1.07605457E-02
   291.000000             1.71841979E-02
   292.000000             2.11049914E-02
   293.000000             2.17100978E-02
   294.000000             1.86578631E-02
   295.000000             1.21222734E-02
   296.000000             2.77668238E-03
   297.000000            -8.29839706E-03
   298.000000            -1.97491050E-02
   299.000000            -3.01471353E-02
   300.000000            -3.82139087E-02
   301.000000            -4.30422425E-02
   302.000000            -4.42749262E-02
   303.000000            -4.22043204E-02
   304.000000            -3.77429724E-02
   305.000000            -3.22391987E-02
   306.000000            -2.72024274E-02
   307.000000            -2.39517689E-02
   308.000000            -2.33051777E-02
   309.000000            -2.53740549E-02
   310.000000            -2.95303464E-02
   311.000000            -3.45470309E-02
   312.000000            -3.88866067E-02
   313.000000            -4.10590768E-02
   314.000000            -3.99466157E-02
   315.000000            -3.50288153E-02
   316.000000            -2.64891386E-02
   317.000000            -1.50917768E-02
   318.000000            -1.90663338E-03
   319.000000             1.19769573E-02
   320.000000             2.57529020E-02
   321.000000            -4.00938988E-02
   322.000000            -5.67722321E-03
   323.000000             2.71984935E-02
   324.000000             5.81757426E-02
   325.000000             8.61308575E-02
   326.000000            0.109299242    
   327.000000            0.126008451    
   328.000000            0.135560393    
   329.000000            0.138756931    
   330.000000            0.137888908    
   331.000000            0.135901570    
   332.000000            0.135182321    
   333.000000            0.136354744    
   334.000000            0.137666285    
   335.000000            0.135311782    
   336.000000            0.124670148    
   337.000000            0.102051675    
   338.000000             6.62733316E-02
   339.000000             1.95271373E-02
   340.000000            -3.28410864E-02
   341.000000             2.29653120E-02
   342.000000             7.45230913E-03
   343.000000            -2.87878513E-03
   344.000000            -7.22438097E-03
   345.000000            -6.01345301E-03
   346.000000            -6.89268112E-04
   347.000000             6.78080320E-03
   348.000000             1.44055486E-02
   349.000000             2.05607414E-02
   350.000000             2.41685510E-02
   351.000000             2.47128606E-02
   352.000000             2.22105384E-02
   353.000000             1.71058178E-02
   354.000000             1.02822185E-02
   355.000000             3.02839279E-03
   356.000000            -3.12197208E-03
   357.000000            -6.61647320E-03
   358.000000            -6.21563196E-03
   359.000000            -1.31708384E-03
   360.000000             7.82579184E-03
   361.000000             2.01179385E-02
   362.000000            -5.42413592E-02
   363.000000            -1.88829303E-02
   364.000000             9.40203667E-03
   365.000000             2.64551044E-02
   366.000000             3.00390720E-02
   367.000000             2.01814175E-02
   368.000000            -8.74161720E-04
   369.000000            -2.90907621E-02
   370.000000            -5.95627427E-02
   371.000000             2.15057731E-02
   372.000000             1.33802891E-02
   373.000000             8.18544626E-03
   374.000000             6.10023737E-03
   375.000000             6.99263811E-03
   376.000000             1.07203126E-02
   377.000000             1.73165202E-02
   378.000000            -7.28198886E-02
   379.000000            -3.80589962E-02
   380.000000             4.60797548E-03
   381.000000             5.28120995E-02
   382.000000            0.102367699    
   383.000000            0.147802532    
   384.000000            0.183511198    
   385.000000            0.205009043    
   386.000000            0.210117757    
   387.000000            0.199384391    
   388.000000            0.175932229    
   389.000000            0.144489288    
   390.000000            0.110168040    
   391.000000             7.73322582E-02
   392.000000             4.88778353E-02
   393.000000             2.60859132E-02
   394.000000             8.87274742E-03
   395.000000            -3.59988213E-03
   396.000000            -1.24020576E-02
   397.000000            -1.84192657E-02
   398.000000            -2.21725106E-02
   399.000000            -2.37992406E-02
   400.000000            -2.31124163E-02
   401.000000            -1.96081400E-02
   402.000000            -1.26617551E-02
   403.000000            -1.66589022E-03
   404.000000             1.36521459E-02
   405.000000             3.28996181E-02
   406.000000             5.49082756E-02
   407.000000             7.78290033E-02
   408.000000             9.95363593E-02
   409.000000            0.118179560    
   410.000000            0.132627010    
   411.000000            0.142753899    
   412.000000            0.149294436    
   413.000000            0.153515041    
   414.000000            0.156800091    
   415.000000            0.160282433    
   416.000000            0.164596379    
   417.000000            0.169835389    
   418.000000            0.175718129    
   419.000000            0.181718946    
   420.000000            0.187320232    
   421.000000            0.192166865    
   422.000000            0.196125925    
   423.000000            0.199071407    
   424.000000            0.200615108    
   425.000000            0.199861407    
   426.000000            0.195462525    
   427.000000            0.185924351    
   428.000000            0.170226812    
   429.000000            0.148451269    
   430.000000            0.122039318    
   431.000000             9.36266780E-02
   432.000000             6.63266778E-02
   433.000000             4.28805947E-02
   434.000000             2.48248577E-02
   435.000000             1.22058392E-02
   436.000000             3.70985270E-03
   437.000000            -2.76881456E-03
   438.000000            -9.36758518E-03
   439.000000            -1.76504254E-02
   440.000000            -2.83015966E-02
   441.000000            -4.12598848E-02
   442.000000            -5.61994910E-02
   443.000000            -7.30977058E-02
   444.000000             1.96697116E-02
   445.000000             1.11207366E-02
   446.000000             8.36074352E-04
   447.000000            -1.12428069E-02
   448.000000            -2.45881677E-02
   449.000000            -3.79807353E-02
   450.000000            -4.96618152E-02
   451.000000            -5.76443076E-02
   452.000000            -6.01382852E-02
   453.000000            -5.59870005E-02
   454.000000            -4.49690819E-02
   455.000000            -2.78979540E-02
   456.000000            -6.48391247E-03
   457.000000             1.69608593E-02
   458.000000            -3.76635194E-02
   459.000000             1.69878006E-02
   460.000000             5.90521097E-02
   461.000000             8.53784680E-02
   462.000000             9.48523879E-02
   463.000000             8.84476304E-02
   464.000000             6.89600706E-02
   465.000000             4.05822396E-02
   466.000000             8.24236870E-03
   467.000000            -2.32460499E-02
   468.000000            -4.99050021E-02
   469.000000            -6.91127777E-02
   470.000000             2.43984461E-02
   471.000000             2.35555768E-02
   472.000000             2.53698826E-02
   473.000000            -6.68424964E-02
   474.000000            -5.35574555E-02
   475.000000            -3.99959087E-02
   476.000000            -2.90145278E-02
   477.000000            -2.32439637E-02
   478.000000            -2.45431066E-02
   479.000000            -3.34634185E-02
   480.000000            -4.90181446E-02
   481.000000            -6.87669516E-02
   482.000000             2.08467841E-02
   483.000000             1.41782761E-02
   484.000000             9.39422846E-03
   485.000000             6.89995289E-03
   486.000000             6.50501251E-03
   487.000000             7.57956505E-03
   488.000000             9.32359695E-03
   489.000000             1.11160278E-02
   490.000000             1.27180815E-02
   491.000000             1.43302083E-02
   492.000000             1.64527297E-02
   493.000000             1.96627975E-02
   494.000000             2.43739486E-02
   495.000000            -6.26496077E-02
   496.000000            -4.16753292E-02
   497.000000            -1.81955099E-02
   498.000000             6.13266230E-03
   499.000000             2.96102166E-02
   500.000000             5.07707000E-02
   501.000000             6.84814453E-02
   502.000000             8.20792317E-02
   503.000000             9.13689137E-02
   504.000000             9.66158509E-02
   505.000000             9.85118151E-02
   506.000000             9.79595780E-02
   507.000000             9.58142877E-02
   508.000000             9.25424695E-02
   509.000000             8.79256129E-02
   510.000000             8.10723901E-02
   511.000000             7.06875920E-02
   512.000000             5.56939244E-02
   513.000000             3.59408259E-02
   514.000000             1.25208497E-02
   515.000000            -1.22590661E-02
   516.000000            -3.56187820E-02
   517.000000            -5.52675128E-02
   518.000000            -7.02875853E-02
   519.000000             2.38184333E-02
   520.000000             2.05649734E-02
   521.000000             1.74873471E-02
   522.000000             1.42949820E-02
   523.000000             1.13068819E-02
   524.000000             9.32419300E-03
   525.000000             9.31453705E-03
   526.000000             1.19739175E-02
   527.000000             1.73878670E-02
   528.000000             2.49190331E-02
   529.000000            -5.53652048E-02
   530.000000            -3.36109400E-02
   531.000000            -1.64982080E-02
   532.000000            -6.26260042E-03
   533.000000            -3.69614363E-03
   534.000000            -8.22693110E-03
   535.000000            -1.81964636E-02
   536.000000            -3.13172340E-02
   537.000000            -4.51315641E-02
   538.000000            -5.74025512E-02
   539.000000            -6.65028095E-02
   540.000000            -7.16721416E-02
   541.000000            -7.30556250E-02
   542.000000            -7.15788007E-02
   543.000000            -6.87472820E-02
   544.000000            -6.63317442E-02
   545.000000            -6.60995841E-02
   546.000000            -6.96648359E-02
   547.000000             2.49583721E-02
   548.000000             1.96676850E-02
   549.000000             1.22299194E-02
   550.000000             2.92438269E-03
   551.000000            -7.64834881E-03
   552.000000            -1.86157823E-02
   553.000000            -2.89400220E-02
   554.000000            -3.76239419E-02
   555.000000            -4.39491868E-02
   556.000000            -4.76928353E-02
   557.000000            -4.92051244E-02
   558.000000            -4.93803024E-02
   559.000000            -4.94096279E-02
   560.000000            -5.04532456E-02
   561.000000            -5.32671213E-02
   562.000000            -5.79503179E-02
   563.000000            -6.37996197E-02
   564.000000            -6.94124103E-02
   565.000000            -7.29705691E-02
   566.000000            -7.26190805E-02
   567.000000            -6.69071674E-02
   568.000000            -5.51330447E-02
   569.000000            -3.75406146E-02
   570.000000            -1.53517723E-02
   571.000000             9.34696198E-03
   572.000000            -5.40831685E-02
   573.000000             3.95679474E-03
   574.000000             4.59508896E-02
   575.000000             6.60905242E-02
   576.000000             6.15049005E-02
   577.000000             3.30862999E-02
   578.000000            -1.43815279E-02
   579.000000            -7.28198886E-02
   580.000000             5.02830744E-03
   581.000000            -1.35616660E-02
   582.000000            -2.57309079E-02
   583.000000            -2.95823216E-02
   584.000000            -2.47818828E-02
   585.000000            -1.26253366E-02
   586.000000             4.20254469E-03
   587.000000             2.22398639E-02
   588.000000            -4.27793860E-02
   589.000000            -1.31331682E-02
   590.000000            -1.01923943E-05
   591.000000            -2.46620178E-03
   592.000000            -1.60124302E-02
   593.000000            -3.42027545E-02
   594.000000            -5.05962968E-02
   595.000000            -6.03516102E-02
   596.000000            -6.12881184E-02
   597.000000            -5.39466143E-02
   598.000000            -4.10245061E-02
   599.000000            -2.63108611E-02
   600.000000            -1.35149360E-02
   601.000000            -5.33866882E-03
   602.000000            -2.97760963E-03
   603.000000            -6.23697042E-03
   604.000000            -1.39718652E-02
   605.000000            -2.47709155E-02
   606.000000            -3.74442935E-02
   607.000000            -5.12250662E-02
   608.000000            -6.56596422E-02
   609.000000             2.41990685E-02
   610.000000             1.89306736E-02
   611.000000             1.40667558E-02
   612.000000             9.83834267E-03
   613.000000             6.36994839E-03
   614.000000             3.59505415E-03
   615.000000             1.25288963E-03
   616.000000            -1.05947256E-03
   617.000000            -3.70901823E-03
   618.000000            -6.84481859E-03
   619.000000            -1.02087855E-02
   620.000000            -1.30990148E-02
   621.000000            -1.44999623E-02
   622.000000            -1.33858919E-02
   623.000000            -9.12332535E-03
   624.000000            -1.72871351E-03
   625.000000             8.03422928E-03
   626.000000             1.88599229E-02
   627.000000            -6.65113330E-02
   628.000000            -4.25859094E-02
   629.000000            -2.47025490E-02
   630.000000            -1.27638578E-02
   631.000000            -5.17326593E-03
   632.000000             3.63707542E-04
   633.000000             5.95742464E-03
   634.000000             1.27665401E-02
   635.000000             2.06354260E-02
   636.000000             2.82526016E-02
   637.000000             3.37671041E-02
   638.000000             3.56443524E-02
   639.000000             3.33802104E-02
   640.000000             2.77816653E-02
   641.000000             2.05435157E-02
   642.000000             1.34965777E-02
   643.000000             7.80433416E-03
   644.000000             3.43412161E-03
   645.000000            -6.79373741E-04
   646.000000            -6.20424747E-03
   647.000000            -1.47067308E-02
   648.000000            -2.71203518E-02
   649.000000            -4.34736013E-02
   650.000000            -6.29090071E-02
   651.000000             2.29126215E-02
   652.000000             1.54561996E-02
   653.000000             9.07069445E-03
   654.000000             4.48721647E-03
   655.000000             2.17992067E-03
   656.000000             2.25138664E-03
   657.000000             4.34112549E-03
   658.000000             7.66986609E-03
   659.000000             1.11696720E-02
   660.000000             1.36476159E-02
   661.000000             1.40314102E-02
   662.000000             1.15533471E-02
   663.000000             5.88011742E-03
   664.000000            -2.86471844E-03
   665.000000            -1.41390562E-02
   666.000000            -2.70782113E-02
   667.000000            -4.06016111E-02
   668.000000            -5.35120368E-02
   669.000000            -6.46090508E-02
   670.000000            -7.28318691E-02
   671.000000            -7.74503350E-02
   672.000000            -7.81905651E-02
   673.000000            -7.53341913E-02
   674.000000            -6.96293116E-02
   675.000000            -6.21099472E-02
   676.000000            -5.38532138E-02
   677.000000            -4.57504392E-02
   678.000000            -3.84029746E-02
   679.000000            -3.21319699E-02
   680.000000            -2.70774364E-02
   681.000000            -2.33372450E-02
   682.000000            -2.10233331E-02
   683.000000            -2.02708244E-02
   684.000000            -2.11605430E-02
   685.000000            -2.36032009E-02
   686.000000            -2.73104310E-02
   687.000000            -3.17838788E-02
   688.000000            -3.63742113E-02
   689.000000            -4.03684378E-02
   690.000000            -4.30926085E-02
   691.000000            -4.39977646E-02
   692.000000            -4.27786708E-02
   693.000000            -3.94393802E-02
   694.000000            -3.43822837E-02
   695.000000            -2.83175707E-02
   696.000000            -2.21280456E-02
   697.000000            -1.65839791E-02
   698.000000            -1.20625496E-02
   699.000000            -8.42076540E-03
   700.000000            -5.03039360E-03
   701.000000            -1.01166964E-03
   702.000000             4.43166494E-03
   703.000000             1.17339492E-02
   704.000000             2.08467841E-02
   705.000000            -6.11389875E-02
   706.000000            -3.14794183E-02
   707.000000            -2.82394886E-03
   708.000000             2.25858092E-02
   709.000000             4.29030061E-02
   710.000000             5.68028092E-02
   711.000000             6.34875894E-02
   712.000000             6.26438260E-02
   713.000000             5.43799400E-02
   714.000000             3.91765237E-02
   715.000000             1.78925395E-02
   716.000000            -8.19277763E-03
   717.000000            -3.72680426E-02
   718.000000            -6.70316219E-02
   719.000000             1.88547373E-02
   720.000000             1.03407502E-02
   721.000000             4.36061621E-03
   722.000000             1.42598152E-03
   723.000000             1.63793564E-03
   724.000000             4.70590591E-03
   725.000000             1.00590587E-02
   726.000000             1.69743896E-02
   727.000000             2.47669816E-02
   728.000000            -5.67829609E-02
   729.000000            -3.49088907E-02
   730.000000            -1.36752129E-02
   731.000000             6.54572248E-03
   732.000000             2.53027081E-02
   733.000000             4.18664813E-02
   734.000000             5.52449226E-02
   735.000000             6.44450784E-02
   736.000000             6.89354539E-02
   737.000000             6.91068172E-02
   738.000000             6.65435195E-02
   739.000000             6.39214516E-02
   740.000000             6.44605756E-02
   741.000000             7.10796714E-02
   742.000000             8.55349898E-02
   743.000000            0.107843876    
   744.000000            0.136264145    
   745.000000            0.167792857    
   746.000000            0.198914230    
   747.000000            0.226340234    
   748.000000            0.247552216    
   749.000000            0.261039674    
   750.000000            0.266143024    
   751.000000            0.263003409    
   752.000000            0.252355754    
   753.000000            0.235444486    
   754.000000            0.213890493    
   755.000000            0.189430892    
   756.000000            0.163723528    
   757.000000            0.138062716    
   758.000000            0.113202393    
   759.000000             8.94595981E-02
   760.000000             6.68550134E-02
   761.000000             4.55410480E-02
   762.000000             2.61491537E-02
   763.000000             9.97143984E-03
   764.000000            -1.11359358E-03
   765.000000            -5.11455536E-03
   766.000000            -7.45832920E-04
   767.000000             1.19349957E-02
   768.000000             3.10913324E-02
   769.000000             5.32341599E-02
   770.000000             7.38433003E-02
   771.000000             8.84311795E-02
   772.000000             9.36334133E-02
   773.000000             8.79666805E-02
   774.000000             7.21572638E-02
   775.000000             4.87806201E-02
   776.000000             2.14772820E-02
   777.000000            -5.97566366E-03
   778.000000            -3.05500031E-02
   779.000000            -5.04989028E-02
   780.000000            -6.54735565E-02
   781.000000             2.56279707E-02
   782.000000             2.24016309E-02
   783.000000             1.91718936E-02
   784.000000             1.51767731E-02
   785.000000             9.90152359E-03
   786.000000             3.26102972E-03
   787.000000            -4.34213877E-03
   788.000000            -1.20481849E-02
   789.000000            -1.87236667E-02
   790.000000            -2.32374072E-02
   791.000000            -2.47474909E-02
   792.000000            -2.29132175E-02
   793.000000            -1.79203749E-02
   794.000000            -1.04318261E-02
   795.000000            -1.38348341E-03
   796.000000             8.19855928E-03
   797.000000             1.73422694E-02
   798.000000             2.52482891E-02
   799.000000            -6.08699322E-02
   800.000000            -4.98400331E-02
   801.000000            -4.42356467E-02
   802.000000            -4.31550145E-02
   803.000000            -4.51740026E-02
   804.000000            -4.88107800E-02
   805.000000            -5.29933572E-02
   806.000000            -5.74361086E-02
   807.000000            -6.27763271E-02
   808.000000            -7.03067780E-02
   809.000000             2.37846971E-02
   810.000000             1.80439353E-02
   811.000000             1.07333660E-02
   812.000000             2.38502026E-03
   813.000000            -6.14124537E-03
   814.000000            -1.38793588E-02
   815.000000            -2.00437307E-02
   816.000000            -2.42035389E-02
   817.000000            -2.63527036E-02
   818.000000            -2.68175006E-02
   819.000000            -2.60769725E-02
   820.000000            -2.45571136E-02
   821.000000            -2.25400925E-02
   822.000000            -2.01119184E-02
   823.000000            -1.71629786E-02
   824.000000            -1.33711696E-02
   825.000000            -8.22103024E-03
   826.000000            -1.06590986E-03
   827.000000             8.72123241E-03
   828.000000             2.14763284E-02
   829.000000            -4.56358790E-02
   830.000000             1.30087137E-03
   831.000000             4.87112999E-02
   832.000000             9.10740495E-02
   833.000000            0.122830570    
   834.000000            0.139534295    
   835.000000            0.138538957    
   836.000000            0.119406939    
   837.000000             8.38283300E-02
   838.000000             3.53175998E-02
   839.000000            -2.13325620E-02
   840.000000             2.40725875E-02
   841.000000             3.21358442E-03
   842.000000            -1.48973465E-02
   843.000000            -2.89946795E-02
   844.000000            -3.84094715E-02
   845.000000            -4.31091785E-02
   846.000000            -4.36388850E-02
   847.000000            -4.09665704E-02
   848.000000            -3.62699032E-02
   849.000000            -3.06665301E-02
   850.000000            -2.49730945E-02
   851.000000            -1.95294619E-02
   852.000000            -1.41947865E-02
   853.000000            -8.47095251E-03
   854.000000            -1.77329779E-03
   855.000000             6.29782677E-03
   856.000000             1.57538652E-02
   857.000000            -1.26303434E-02
   858.000000            -4.60581183E-02
   859.000000            -1.86809301E-02
   860.000000             5.44744730E-03
   861.000000             2.53651142E-02
   862.000000             4.08319831E-02
   863.000000             5.19317985E-02
   864.000000             5.85879683E-02
   865.000000             6.02949858E-02
   866.000000             5.61295152E-02
   867.000000             4.51470017E-02
   868.000000             2.70174742E-02
   869.000000             2.41327286E-03
   870.000000            -2.68847942E-02
   871.000000            -5.83913326E-02
   872.000000             2.07814574E-02
   873.000000             1.00778937E-02
   874.000000             4.50968742E-04
   875.000000            -8.21119547E-03
   876.000000            -1.62467360E-02
   877.000000            -2.40047574E-02
   878.000000            -3.16348076E-02
   879.000000            -3.89688611E-02
   880.000000            -4.55222726E-02
   881.000000            -5.05892634E-02
   882.000000            -5.34320474E-02
   883.000000            -5.34447432E-02
   884.000000            -5.03332019E-02
   885.000000            -4.41725850E-02
   886.000000            -3.53597403E-02
   887.000000            -2.44923234E-02
   888.000000            -1.22364163E-02
   889.000000             7.52449036E-04
   890.000000             1.38375759E-02
   891.000000            -3.00472975E-02
   892.000000            -4.51776981E-02
   893.000000            -2.27612853E-02
   894.000000            -1.02379918E-02
   895.000000            -9.53072309E-03
   896.000000            -2.09988356E-02
   897.000000            -4.30892110E-02
   898.000000            -7.25532174E-02
   899.000000             1.50310397E-02
   900.000000             3.44222784E-03
   901.000000            -6.38288260E-03
   902.000000            -1.35765672E-02
   903.000000            -1.78231597E-02
   904.000000            -1.93214417E-02
   905.000000            -1.87031031E-02
   906.000000            -1.68675184E-02
   907.000000            -1.48236156E-02
   908.000000            -1.34787560E-02
   909.000000            -1.34621859E-02
   910.000000            -1.50265694E-02
   911.000000            -1.80209279E-02
   912.000000            -2.19440460E-02
   913.000000            -2.60905623E-02
   914.000000            -2.96685696E-02
   915.000000            -3.19504142E-02
   916.000000            -3.23460698E-02
   917.000000            -3.04646492E-02
   918.000000            -2.61858106E-02
   919.000000            -1.96945071E-02
   920.000000            -1.14898682E-02
   921.000000            -2.31939554E-03
   922.000000             6.94364309E-03
   923.000000             1.54667497E-02
   924.000000             2.26235390E-02
   925.000000            -6.98987246E-02
   926.000000            -6.03038669E-02
   927.000000            -5.56260347E-02
   928.000000            -5.54121137E-02
   929.000000            -5.89918494E-02
   930.000000            -6.55825734E-02
   931.000000            -5.28754592E-02
   932.000000             2.27012038E-02
   933.000000             1.87289715E-02
   934.000000             1.46041512E-02
   935.000000             1.03493333E-02
   936.000000             5.95903397E-03
   937.000000             1.49303675E-03
   938.000000            -2.86072493E-03
   939.000000            -6.76900148E-03
   940.000000            -9.80061293E-03
   941.000000            -1.15640759E-02
   942.000000            -1.18445158E-02
   943.000000            -1.07278824E-02
   944.000000            -8.68326426E-03
   945.000000            -6.53803349E-03
   946.000000            -5.30028343E-03
   947.000000            -5.96213341E-03
   948.000000            -9.22882557E-03
   949.000000            -1.53886676E-02
   950.000000            -2.42579579E-02
   951.000000            -3.52462530E-02
   952.000000            -4.74393368E-02
   953.000000            -5.96705675E-02
   954.000000            -7.05920458E-02
   955.000000            -7.87550807E-02
   956.000000            -8.28045011E-02
   957.000000            -8.17668438E-02
   958.000000            -7.53946900E-02
   959.000000            -6.44069314E-02
   960.000000            -5.04999161E-02
   961.000000            -3.60282660E-02
   962.000000            -2.34416723E-02
   963.000000            -1.46571994E-02
   964.000000            -1.05718970E-02
   965.000000            -1.08830929E-02
   966.000000            -1.43058300E-02
   967.000000            -1.89851522E-02
   968.000000            -2.30323076E-02
   969.000000            -2.49531865E-02
   970.000000            -2.39091516E-02
   971.000000            -1.97380185E-02
   972.000000            -1.28161311E-02
   973.000000            -3.77333164E-03
   974.000000             6.76608086E-03
   975.000000             1.83699727E-02
   976.000000            -6.23623133E-02
   977.000000            -2.67825723E-02
   978.000000             9.63854790E-03
   979.000000             4.46909070E-02
   980.000000             7.48339891E-02
   981.000000             9.55396891E-02
   982.000000            0.102319479    
   983.000000             9.19449925E-02
   984.000000             6.34177923E-02
   985.000000             1.83666945E-02
   986.000000            -3.90928984E-02
   987.000000             1.58068538E-02
   988.000000            -7.69233704E-03
   989.000000            -2.86768079E-02
   990.000000            -4.51002121E-02
   991.000000            -5.55801392E-02
   992.000000            -5.95633984E-02
   993.000000            -5.73343635E-02
   994.000000            -4.98828888E-02
   995.000000            -3.86136770E-02
   996.000000            -2.50248909E-02
   997.000000            -1.04871392E-02
   998.000000             3.89260054E-03
   999.000000             1.72741413E-02
   1000.00000            -6.71758652E-02
   1001.00000            -4.07919884E-02
   1002.00000            -2.04668045E-02
   1003.00000            -6.07514381E-03
   1004.00000             3.12733650E-03
   1005.00000             8.21691751E-03
   1006.00000             1.01892948E-02
   1007.00000             9.50294733E-03
   1008.00000             5.83505630E-03
   1009.00000            -1.86854601E-03
   1010.00000            -1.49778724E-02
   1011.00000            -3.45068574E-02
   1012.00000            -6.05133176E-02
   1013.00000             1.99677944E-02
   1014.00000             7.43353367E-03
   1015.00000            -4.87756729E-03
   1016.00000            -1.56936646E-02
   1017.00000            -2.39842534E-02
   1018.00000            -2.91890502E-02
   1019.00000            -3.13410163E-02
   1020.00000            -3.09926867E-02
   1021.00000            -2.90535688E-02
   1022.00000            -2.65190005E-02
   1023.00000            -2.42495537E-02
   1024.00000            -2.28166580E-02
   1025.00000            -2.24810243E-02
   1026.00000            -2.32546926E-02
   1027.00000            -2.49908566E-02
   1028.00000            -2.74350047E-02
   1029.00000            -3.02252173E-02
   1030.00000            -3.28445435E-02
   1031.00000            -3.46415639E-02
   1032.00000            -3.48557830E-02
   1033.00000            -3.27695608E-02
   1034.00000            -2.78384089E-02
   1035.00000            -1.98764205E-02
   1036.00000            -9.13131237E-03
   1037.00000             3.73059511E-03
   1038.00000             1.77219510E-02
   1039.00000            -5.99721074E-02
   1040.00000            -2.51396298E-02
   1041.00000             4.01842594E-03
   1042.00000             2.55705118E-02
   1043.00000             3.84312272E-02
   1044.00000             4.23632264E-02
   1045.00000             3.79619002E-02
   1046.00000             2.66284347E-02
   1047.00000             1.03311539E-02
   1048.00000            -8.61173868E-03
   1049.00000            -2.79186964E-02
   1050.00000            -4.56566811E-02
   1051.00000            -6.04562163E-02
   1052.00000            -7.16453791E-02
   1053.00000             2.45483518E-02
   1054.00000             2.27017999E-02
   1055.00000             2.13670135E-02
   1056.00000             1.99957490E-02
   1057.00000             1.81519985E-02
   1058.00000             1.56576633E-02
   1059.00000             1.27004981E-02
   1060.00000             9.83387232E-03
   1061.00000             7.78996944E-03
   1062.00000             7.25430250E-03
   1063.00000             8.61340761E-03
   1064.00000             1.18073821E-02
   1065.00000             1.63187981E-02
   1066.00000             2.13203430E-02
   1067.00000             2.58704424E-02
   1068.00000            -6.69263005E-02
   1069.00000            -6.32188916E-02
   1070.00000            -6.55412674E-02
   1071.00000            -6.77638650E-02
   1072.00000             2.11870074E-02
   1073.00000             1.39957070E-02
   1074.00000             5.31089306E-03
   1075.00000            -4.38952446E-03
   1076.00000            -1.46228075E-02
   1077.00000            -2.49404907E-02
   1078.00000            -3.49981189E-02
   1079.00000            -4.45597768E-02
   1080.00000            -5.34157157E-02
   1081.00000            -6.12301826E-02
   1082.00000            -6.73981905E-02
   1083.00000            -7.10147023E-02
   1084.00000            -7.09778070E-02
   1085.00000            -6.62601590E-02
   1086.00000            -5.62395453E-02
   1087.00000            -4.10227776E-02
   1088.00000            -2.15495825E-02
   1089.00000             4.41193581E-04
   1090.00000             2.26648450E-02
   1091.00000            -3.02412510E-02
   1092.00000             1.18088722E-02
   1093.00000             3.70540619E-02
   1094.00000             4.31251526E-02
   1095.00000             3.02630067E-02
   1096.00000             1.25104189E-03
   1097.00000            -3.89015079E-02
   1098.00000             2.29056478E-02
   1099.00000             7.11405277E-03
   1100.00000            -5.62036037E-03
   1101.00000            -1.36060119E-02
   1102.00000            -1.59884691E-02
   1103.00000            -1.28731728E-02
   1104.00000            -5.20598888E-03
   1105.00000             5.50001860E-03
   1106.00000             1.75389647E-02
   1107.00000            -6.62040710E-02
   1108.00000            -3.75337601E-02
   1109.00000            -1.40311718E-02
   1110.00000             3.50087881E-03
   1111.00000             1.46179795E-02
   1112.00000             1.86335444E-02
   1113.00000             1.45475268E-02
   1114.00000             1.34378672E-03
   1115.00000            -2.12461352E-02
   1116.00000            -5.19359112E-02
   1117.00000             2.15205550E-02
   1118.00000             8.33255053E-03
   1119.00000            -2.93374062E-03
   1120.00000            -1.06914639E-02
   1121.00000            -1.42678618E-02
   1122.00000            -1.41584873E-02
   1123.00000            -1.18703246E-02
   1124.00000            -9.40322876E-03
   1125.00000            -8.51821899E-03
   1126.00000            -1.01547837E-02
   1127.00000            -1.41822100E-02
   1128.00000            -1.95801258E-02
   1129.00000            -2.49029398E-02
   1130.00000            -2.88354754E-02
   1131.00000            -3.05136442E-02
   1132.00000            -2.96212435E-02
   1133.00000            -2.61719823E-02
   1134.00000            -2.02656388E-02
   1135.00000            -1.19258761E-02
   1136.00000            -1.12318993E-03
   1137.00000             1.19974613E-02
   1138.00000            -7.31515288E-02
   1139.00000            -3.15980911E-02
   1140.00000             6.31195307E-03
   1141.00000             3.48276496E-02
   1142.00000             4.86431122E-02
   1143.00000             4.44252491E-02
   1144.00000             2.18719840E-02
   1145.00000            -1.58755779E-02
   1146.00000            -6.28982186E-02
   1147.00000             1.25297308E-02
   1148.00000            -3.82864475E-03
   1149.00000            -1.67130828E-02
   1150.00000            -2.53484249E-02
   1151.00000            -2.98067927E-02
   1152.00000            -3.06491852E-02
   1153.00000            -2.85238624E-02
   1154.00000            -2.39410996E-02
   1155.00000            -1.72342062E-02
   1156.00000            -8.69065523E-03
   1157.00000             1.27822161E-03
   1158.00000             1.19960904E-02
   1159.00000             2.25352049E-02
   1160.00000            -5.95345497E-02
   1161.00000            -4.01546955E-02
   1162.00000            -2.84823179E-02
   1163.00000            -2.51495838E-02
   1164.00000            -2.94459462E-02
   1165.00000            -3.93892527E-02
   1166.00000            -5.21889925E-02
   1167.00000            -6.48707747E-02
   1168.00000            -1.13660693E-02
   1169.00000             2.38832831E-02
   1170.00000             2.30121613E-02
   1171.00000             2.30141282E-02
   1172.00000             2.29941607E-02
   1173.00000             2.19306350E-02
   1174.00000             1.89512372E-02
   1175.00000             1.35847330E-02
   1176.00000             5.94276190E-03
   1177.00000            -3.25942039E-03
   1178.00000            -1.27941966E-02
   1179.00000            -2.11971402E-02
   1180.00000            -2.71009207E-02
   1181.00000            -2.95749307E-02
   1182.00000            -2.83377171E-02
   1183.00000            -2.37829685E-02
   1184.00000            -1.68058872E-02
   1185.00000            -8.49360228E-03
   1186.00000             1.70230865E-04
   1187.00000             8.47899914E-03
   1188.00000             1.60405040E-02
   1189.00000             2.26250291E-02
   1190.00000            -6.97959065E-02
   1191.00000            -5.84374070E-02
   1192.00000            -5.05402088E-02
   1193.00000            -4.55752611E-02
   1194.00000            -4.22465205E-02
   1195.00000            -3.87817621E-02
   1196.00000            -3.35206389E-02
   1197.00000            -2.56174803E-02
   1198.00000            -1.56090260E-02
   1199.00000            -5.38641214E-03
   1200.00000             2.29883194E-03
   1201.00000             4.77486849E-03
   1202.00000             5.57303429E-04
   1203.00000            -1.00826025E-02
   1204.00000            -2.49642134E-02
   1205.00000            -4.06825542E-02
   1206.00000            -5.36367893E-02
   1207.00000            -6.11028671E-02
   1208.00000            -6.18838072E-02
   1209.00000            -5.63917160E-02
   1210.00000            -4.60863113E-02
   1211.00000            -3.28665972E-02
   1212.00000            -1.83828473E-02
   1213.00000            -3.91298532E-03
   1214.00000             9.53555107E-03
   1215.00000             2.09738016E-02
   1216.00000             2.93527246E-02
   1217.00000             3.36833000E-02
   1218.00000             3.33235860E-02
   1219.00000             2.81837583E-02
   1220.00000             1.86190009E-02
   1221.00000             5.11682034E-03
   1222.00000            -1.20339990E-02
   1223.00000            -3.28872204E-02
   1224.00000            -5.74713945E-02
   1225.00000             2.24025249E-02
   1226.00000             1.17064714E-02
   1227.00000             1.68049335E-03
   1228.00000            -6.25485182E-03
   1229.00000            -1.08309388E-02
   1230.00000            -1.13887191E-02
   1231.00000            -8.17167759E-03
   1232.00000            -2.30669975E-03
   1233.00000             4.53931093E-03
   1234.00000             1.06737018E-02
   1235.00000             1.48673654E-02
   1236.00000             1.66419148E-02
   1237.00000             1.62461996E-02
   1238.00000             1.44333243E-02
   1239.00000             1.21228099E-02
   1240.00000             1.01142526E-02
   1241.00000             8.91906023E-03
   1242.00000             8.73208046E-03
   1243.00000             9.43368673E-03
   1244.00000             1.06638074E-02
   1245.00000             1.18646622E-02
   1246.00000             1.24112964E-02
   1247.00000             1.17567182E-02
   1248.00000             9.60993767E-03
   1249.00000             6.06173277E-03
   1250.00000             1.61433220E-03
   1251.00000            -2.98500061E-03
   1252.00000            -6.99478388E-03
   1253.00000            -9.92727280E-03
   1254.00000            -1.17186904E-02
   1255.00000            -1.26875043E-02
   1256.00000            -1.34082437E-02
   1257.00000            -1.44822001E-02
   1258.00000            -1.63424015E-02
   1259.00000            -1.91536546E-02
   1260.00000            -2.27881074E-02
   1261.00000            -2.68904567E-02
   1262.00000            -3.09609771E-02
   1263.00000            -3.44433188E-02
   1264.00000            -3.67898941E-02
   1265.00000            -3.75463963E-02
   1266.00000            -3.63925695E-02
   1267.00000            -3.32176089E-02
   1268.00000            -2.81276107E-02
   1269.00000            -2.14189887E-02
   1270.00000            -1.35220885E-02
   1271.00000            -4.93580103E-03
   1272.00000             3.81100178E-03
   1273.00000             1.21660829E-02
   1274.00000             1.94852948E-02
   1275.00000             2.50470042E-02
   1276.00000            -6.95523024E-02
   1277.00000            -6.89949393E-02
   1278.00000             2.56596208E-02
   1279.00000             2.06236243E-02
   1280.00000             1.43787265E-02
   1281.00000             8.28623772E-03
   1282.00000             3.54558229E-03
   1283.00000             8.03709030E-04
   1284.00000            -1.94907188E-05
   1285.00000             3.21567059E-04
   1286.00000             6.93261623E-04
   1287.00000            -1.89542770E-05
   1288.00000            -2.55262852E-03
   1289.00000            -7.10368156E-03
   1290.00000            -1.33487582E-02
   1291.00000            -2.06251740E-02
   1292.00000            -2.81553268E-02
   1293.00000            -3.52402925E-02
   1294.00000            -4.12979126E-02
   1295.00000            -4.58554626E-02
   1296.00000            -4.84285951E-02
   1297.00000            -4.84833121E-02
   1298.00000            -4.54803109E-02
   1299.00000            -3.90400887E-02
   1300.00000            -2.91736126E-02
   1301.00000            -1.64846182E-02
   1302.00000            -2.22975016E-03
   1303.00000             1.18362904E-02
   1304.00000             2.38386393E-02
   1305.00000            -5.85417151E-02
   1306.00000            -4.78965044E-02
   1307.00000            -4.91077304E-02
   1308.00000            -5.97887635E-02
   1309.00000             2.57571340E-02
   1310.00000             1.92441344E-02
   1311.00000             1.36218071E-02
   1312.00000             9.96822119E-03
   1313.00000             9.04434919E-03
   1314.00000             1.13348365E-02
   1315.00000             1.70919299E-02
   1316.00000            -2.72658467E-02
   1317.00000            -4.18315530E-02
   1318.00000            -3.41242552E-03
   1319.00000             3.70411873E-02
   1320.00000             7.55771995E-02
   1321.00000            0.108598888    
   1322.00000            0.133452475    
   1323.00000            0.148618639    
   1324.00000            0.153361380    
   1325.00000            0.147348344    
   1326.00000            0.130473077    
   1327.00000            0.103076875    
   1328.00000             6.66719079E-02
   1329.00000             2.45412588E-02
   1330.00000            -1.81184411E-02
   1331.00000            -5.49678206E-02
   1332.00000             2.42813230E-02
   1333.00000             2.07340121E-02
   1334.00000             2.29783654E-02
   1335.00000            -6.54411316E-02
   1336.00000            -4.16499972E-02
   1337.00000            -1.96187496E-02
   1338.00000            -5.42461872E-03
   1339.00000            -2.11215019E-03
   1340.00000            -9.04351473E-03
   1341.00000            -2.24223733E-02
   1342.00000            -3.68927121E-02
   1343.00000            -4.73445058E-02
   1344.00000            -5.05477786E-02
   1345.00000            -4.59545851E-02
   1346.00000            -3.55718732E-02
   1347.00000            -2.30740309E-02
   1348.00000            -1.26619339E-02
   1349.00000            -7.95608759E-03
   1350.00000            -1.12614036E-02
   1351.00000            -2.33076215E-02
   1352.00000            -4.33970094E-02
   1353.00000            -6.96552992E-02
   1354.00000             1.71473026E-02
   1355.00000             6.04587793E-03
   1356.00000            -3.98010015E-03
   1357.00000            -1.18201971E-02
   1358.00000            -1.66578293E-02
   1359.00000            -1.81734562E-02
   1360.00000            -1.66256428E-02
   1361.00000            -1.28321052E-02
   1362.00000            -8.00484419E-03
   1363.00000            -3.42398882E-03
   1364.00000            -1.41263008E-04
   1365.00000             1.22940540E-03
   1366.00000             5.72741032E-04
   1367.00000            -1.84959173E-03
   1368.00000            -5.56594133E-03
   1369.00000            -1.00819468E-02
   1370.00000            -1.49874091E-02
   1371.00000            -1.99683309E-02
   1372.00000            -2.47837901E-02
   1373.00000            -2.92292833E-02
   1374.00000            -3.30970287E-02
   1375.00000            -3.61533165E-02
   1376.00000            -3.81281376E-02
   1377.00000            -3.86876464E-02
   1378.00000            -3.74655128E-02
   1379.00000            -3.41235995E-02
   1380.00000            -2.84559131E-02
   1381.00000            -2.04842091E-02
   1382.00000            -1.05426311E-02
   1383.00000             6.81638718E-04
   1384.00000             1.21850371E-02
   1385.00000             2.27569342E-02
   1386.00000            -6.14889860E-02
   1387.00000            -4.76132631E-02
   1388.00000            -4.44212556E-02
   1389.00000            -5.21935225E-02
   1390.00000            -6.95356727E-02
   1391.00000             1.92520022E-02
   1392.00000             9.12874937E-03
   1393.00000            -8.76307487E-04
   1394.00000            -9.68176126E-03
   1395.00000            -1.65765882E-02
   1396.00000            -2.12691426E-02
   1397.00000            -2.38077641E-02
   1398.00000            -2.43942142E-02
   1399.00000            -2.32159495E-02
   1400.00000            -2.02856064E-02
   1401.00000            -1.54411197E-02
   1402.00000            -8.42666626E-03
   1403.00000             8.91268253E-04
   1404.00000             1.22994184E-02
   1405.00000             2.50856280E-02
   1406.00000            -4.27767634E-02
   1407.00000            -1.13809109E-02
   1408.00000             1.19817257E-02
   1409.00000             2.38375664E-02
   1410.00000             2.22374201E-02
   1411.00000             7.20089674E-03
   1412.00000            -1.93909407E-02
   1413.00000            -5.41101098E-02
   1414.00000             1.96126103E-02
   1415.00000             5.55163622E-03
   1416.00000            -6.83593750E-03
   1417.00000            -1.63438916E-02
   1418.00000            -2.21664310E-02
   1419.00000            -2.39540339E-02
   1420.00000            -2.19028592E-02
   1421.00000            -1.67540908E-02
   1422.00000            -9.71394777E-03
   1423.00000            -2.26873159E-03
   1424.00000             4.11343575E-03
   1425.00000             8.21685791E-03
   1426.00000             9.24992561E-03
   1427.00000             6.87950850E-03
   1428.00000             1.13534927E-03
   1429.00000            -7.68643618E-03
   1430.00000            -1.90660357E-02
   1431.00000            -3.22689414E-02
   1432.00000            -4.63009477E-02
   1433.00000            -5.99122047E-02
   1434.00000            -7.17045069E-02
   1435.00000            -8.03732872E-02
   1436.00000            -8.49502683E-02
   1437.00000            -8.50345492E-02
   1438.00000            -8.08641911E-02
   1439.00000            -7.32198358E-02
   1440.00000            -6.32265806E-02
   1441.00000            -5.20907044E-02
   1442.00000            -4.09075618E-02
   1443.00000            -3.05504203E-02
   1444.00000            -2.16346979E-02
   1445.00000            -1.45501494E-02
   1446.00000            -9.52696800E-03
   1447.00000            -6.61450624E-03
   1448.00000            -5.71548939E-03
   1449.00000            -6.58458471E-03
   1450.00000            -8.84968042E-03
   1451.00000            -1.20841265E-02
   1452.00000            -1.58915520E-02
   1453.00000            -1.99712515E-02
   1454.00000            -2.41806507E-02
   1455.00000            -2.85339952E-02
   1456.00000            -3.31482887E-02
   1457.00000            -3.81541252E-02
   1458.00000            -4.35498357E-02
   1459.00000            -4.90803719E-02
   1460.00000            -5.41622639E-02
   1461.00000            -5.79349399E-02
   1462.00000            -5.94313741E-02
   1463.00000            -5.78480959E-02
   1464.00000            -5.27874827E-02
   1465.00000            -4.44025397E-02
   1466.00000            -3.33870649E-02
   1467.00000            -2.07973123E-02
   1468.00000            -7.76547194E-03
   1469.00000             4.72670794E-03
   1470.00000             1.59754157E-02
   1471.00000             2.55242586E-02
   1472.00000            -5.64174652E-02
   1473.00000            -4.27789092E-02
   1474.00000            -3.69743109E-02
   1475.00000            -3.98920774E-02
   1476.00000            -5.14765382E-02
   1477.00000            -7.02223182E-02
   1478.00000             1.94678307E-02
   1479.00000             1.09087825E-02
   1480.00000             3.60506773E-03
   1481.00000            -1.52933598E-03
   1482.00000            -4.24075127E-03
   1483.00000            -4.90093231E-03
   1484.00000            -4.22739983E-03
   1485.00000            -2.95162201E-03
   1486.00000            -1.55699253E-03
   1487.00000            -1.95920467E-04
   1488.00000             1.19274855E-03
   1489.00000             2.68536806E-03
   1490.00000             4.21231985E-03
   1491.00000             5.50895929E-03
   1492.00000             6.22755289E-03
   1493.00000             6.09767437E-03
   1494.00000             5.11962175E-03
   1495.00000             3.65394354E-03
   1496.00000             2.38281488E-03
   1497.00000             2.12973356E-03
   1498.00000             3.63796949E-03
   1499.00000             7.31277466E-03
   1500.00000             1.30433440E-02
   1501.00000             2.01422572E-02
   1502.00000            -7.14596510E-02
   1503.00000            -5.47195077E-02
   1504.00000            -4.44489717E-02
   1505.00000            -4.27756906E-02
   1506.00000            -5.00285029E-02
   1507.00000            -6.46567941E-02
   1508.00000             2.28847861E-02
   1509.00000             1.52767897E-02
   1510.00000             8.03291798E-03
   1511.00000             1.56587362E-03
   1512.00000            -4.21798229E-03
   1513.00000            -9.69320536E-03
   1514.00000            -1.51684880E-02
   1515.00000            -2.06057429E-02
   1516.00000            -2.55037546E-02
   1517.00000            -2.89955139E-02
   1518.00000            -3.01217437E-02
   1519.00000            -2.81664133E-02
   1520.00000            -2.29389071E-02
   1521.00000            -1.48831010E-02
   1522.00000            -5.02485037E-03
   1523.00000             5.26094437E-03
   1524.00000             1.45856142E-02
   1525.00000             2.18501687E-02
   1526.00000            -6.93619251E-02
   1527.00000            -6.82862401E-02
   1528.00000            -6.76466823E-02
   1529.00000            -6.94794059E-02
   1530.00000            -7.09708333E-02
   1531.00000            -7.00258017E-02
   1532.00000            -6.58010244E-02
   1533.00000            -5.89165688E-02
   1534.00000            -5.12703657E-02
   1535.00000            -4.54338789E-02
   1536.00000            -4.39242125E-02
   1537.00000            -4.85017300E-02
   1538.00000            -5.97028136E-02
   1539.00000             2.55010724E-02
   1540.00000             1.77147388E-02
   1541.00000             9.36776400E-03
   1542.00000             1.46865845E-03
   1543.00000            -5.01537323E-03
   1544.00000            -9.31215286E-03
   1545.00000            -1.09189153E-02
   1546.00000            -9.68462229E-03
   1547.00000            -5.82617521E-03
   1548.00000             1.28448009E-04
   1549.00000             7.45600462E-03
   1550.00000             1.53575540E-02
   1551.00000             2.30584741E-02
   1552.00000            -6.48934841E-02
   1553.00000            -5.03249764E-02
   1554.00000            -4.08601761E-02
   1555.00000            -3.71367931E-02
   1556.00000            -3.91325355E-02
   1557.00000            -4.59679961E-02
   1558.00000            -5.59557676E-02
   1559.00000            -6.68678284E-02
   1560.00000             2.56364346E-02
   1561.00000             2.32762098E-02
   1562.00000             2.23546624E-02
   1563.00000             2.26593614E-02
   1564.00000             2.35477686E-02
   1565.00000             2.41072178E-02
   1566.00000             2.34272480E-02
   1567.00000             2.08625793E-02
   1568.00000             1.61880851E-02
   1569.00000             9.61071253E-03
   1570.00000             1.60783529E-03
   1571.00000            -7.26097822E-03
   1572.00000            -1.65060759E-02
   1573.00000            -2.57424116E-02
   1574.00000            -3.46373320E-02
   1575.00000            -4.28583026E-02
   1576.00000            -5.00476956E-02
   1577.00000            -5.58945537E-02
   1578.00000            -6.02347851E-02
   1579.00000            -6.30947948E-02
   1580.00000            -6.46677613E-02
   1581.00000            -6.52162433E-02
   1582.00000            -6.49531484E-02
   1583.00000            -6.39677048E-02
   1584.00000            -6.22481704E-02
   1585.00000            -5.97456098E-02
   1586.00000            -5.64284325E-02
   1587.00000            -5.23423553E-02
   1588.00000            -4.76076007E-02
   1589.00000            -4.23839688E-02
   1590.00000            -3.68856192E-02
   1591.00000            -3.13635468E-02
   1592.00000            -2.60974169E-02
   1593.00000            -2.13673711E-02
   1594.00000            -1.73580050E-02
   1595.00000            -1.40791535E-02
   1596.00000            -1.13003254E-02
   1597.00000            -8.60685110E-03
   1598.00000            -5.48082590E-03
   1599.00000            -1.46716833E-03
   1600.00000             3.72153521E-03
   1601.00000             1.01457834E-02
   1602.00000             1.76689625E-02
   1603.00000             9.75275040E-03
   1604.00000            -5.10361195E-02
   1605.00000            -2.57490277E-02
   1606.00000             1.06692314E-04
   1607.00000             2.60351300E-02
   1608.00000             5.10984659E-02
   1609.00000             7.35922456E-02
   1610.00000             9.09748673E-02
   1611.00000            0.100186527    
   1612.00000             9.84196067E-02
   1613.00000             8.40258002E-02
   1614.00000             5.73509336E-02
   1615.00000             2.09552646E-02
   1616.00000            -2.07869411E-02
   1617.00000            -6.26036525E-02
   1618.00000             1.70816183E-02
   1619.00000             6.52086735E-03
   1620.00000            -3.30150127E-04
   1621.00000            -3.50320339E-03
   1622.00000            -3.50838900E-03
   1623.00000            -1.06126070E-03
   1624.00000             3.11315060E-03
   1625.00000             8.36807489E-03
   1626.00000             1.41441822E-02
   1627.00000             1.98742151E-02
   1628.00000             2.49298215E-02
   1629.00000            -6.83736205E-02
   1630.00000            -6.40727282E-02
   1631.00000            -6.69333935E-02
   1632.00000             2.51745582E-02
   1633.00000             1.84677243E-02
   1634.00000             9.56326723E-03
   1635.00000            -6.79671764E-04
   1636.00000            -1.12589002E-02
   1637.00000            -2.12370157E-02
   1638.00000            -2.98665166E-02
   1639.00000            -3.66253257E-02
   1640.00000            -4.12220359E-02
   1641.00000            -4.35252786E-02
   1642.00000            -4.35132980E-02
   1643.00000            -4.12337184E-02
   1644.00000            -3.67902517E-02
   1645.00000            -3.03607583E-02
   1646.00000            -2.21693516E-02
   1647.00000            -1.25275850E-02
   1648.00000            -1.79314613E-03
   1649.00000             9.60135460E-03
   1650.00000             2.11527348E-02
   1651.00000            -5.84306717E-02
   1652.00000            -3.14065814E-02
   1653.00000            -9.65213776E-03
   1654.00000             4.65619564E-03
   1655.00000             9.65887308E-03
   1656.00000             4.22656536E-03
   1657.00000            -1.16655827E-02
   1658.00000            -3.68753076E-02
   1659.00000            -6.92614317E-02
   1660.00000             1.47138238E-02
   1661.00000             6.69300556E-04
   1662.00000            -1.26970410E-02
   1663.00000            -2.42004395E-02
   1664.00000            -3.26256752E-02
   1665.00000            -3.68071198E-02
   1666.00000            -3.58253121E-02
   1667.00000            -2.92480588E-02
   1668.00000            -1.73873901E-02
   1669.00000            -1.39576197E-03
   1670.00000             1.68780684E-02
   1671.00000            -5.03939986E-02
   1672.00000            -6.04611635E-03
   1673.00000             2.88081169E-02
   1674.00000             5.24027348E-02
   1675.00000             6.53082728E-02
   1676.00000             6.98656440E-02
   1677.00000             6.92344904E-02
   1678.00000             6.64010644E-02
   1679.00000             6.35154843E-02
   1680.00000             6.15652204E-02
   1681.00000             6.03412390E-02
   1682.00000             5.87206483E-02
   1683.00000             5.49198985E-02
   1684.00000             4.69910502E-02
   1685.00000             3.32202315E-02
   1686.00000             1.24523044E-02
   1687.00000            -1.56558156E-02
   1688.00000            -5.06593585E-02
   1689.00000             2.00988054E-02
   1690.00000             3.55905294E-03
   1691.00000            -1.37046576E-02
   1692.00000            -3.07726264E-02
   1693.00000            -4.65997458E-02
   1694.00000            -6.00731969E-02
   1695.00000            -7.01455474E-02
   1696.00000            -7.60021806E-02
   1697.00000            -7.72517323E-02
   1698.00000            -7.40516186E-02
   1699.00000            -6.71218038E-02
   1700.00000            -5.76174855E-02
   1701.00000            -4.68986034E-02
   1702.00000            -3.62390876E-02
   1703.00000            -2.65815258E-02
   1704.00000            -1.83996558E-02
   1705.00000            -1.16958022E-02
   1706.00000            -6.11275434E-03
   1707.00000            -1.13546848E-03
   1708.00000             3.69805098E-03
   1709.00000             8.64863396E-03
   1710.00000             1.37112737E-02
   1711.00000             1.86335444E-02
   1712.00000             2.29977965E-02
   1713.00000            -4.41366434E-02
   1714.00000            -6.89965487E-02
   1715.00000            -6.76429272E-02
   1716.00000            -7.01903701E-02
   1717.00000             2.57989764E-02
   1718.00000             2.28419900E-02
   1719.00000             1.94370747E-02
   1720.00000             1.59140825E-02
   1721.00000             1.25344396E-02
   1722.00000             9.46909189E-03
   1723.00000             6.80452585E-03
   1724.00000             4.53126431E-03
   1725.00000             2.54696608E-03
   1726.00000             6.74903393E-04
   1727.00000            -1.26224756E-03
   1728.00000            -3.36527824E-03
   1729.00000            -5.58537245E-03
   1730.00000            -7.70783424E-03
   1731.00000            -9.37432051E-03
   1732.00000            -1.01932883E-02
   1733.00000            -9.82284546E-03
   1734.00000            -8.06993246E-03
   1735.00000            -4.95135784E-03
   1736.00000            -7.09593296E-04
   1737.00000             4.21875715E-03
   1738.00000             9.25743580E-03
   1739.00000             1.38012171E-02
   1740.00000             1.73187256E-02
   1741.00000             1.94562078E-02
   1742.00000             2.00249553E-02
   1743.00000             1.89530253E-02
   1744.00000             1.62003040E-02
   1745.00000             1.17082000E-02
   1746.00000             5.44613600E-03
   1747.00000            -2.44742632E-03
   1748.00000            -1.15128756E-02
   1749.00000            -2.09290981E-02
   1750.00000            -2.95850039E-02
   1751.00000            -3.63414884E-02
   1752.00000            -4.03146744E-02
   1753.00000            -4.11499739E-02
   1754.00000            -3.90871763E-02
   1755.00000            -3.48551869E-02
   1756.00000            -2.94148326E-02
   1757.00000            -2.35983133E-02
   1758.00000            -1.78318620E-02
   1759.00000            -1.19875669E-02
   1760.00000            -5.45847416E-03
   1761.00000             2.60508060E-03
   1762.00000             1.29378438E-02
   1763.00000             2.57703066E-02
   1764.00000            -3.61000299E-02
   1765.00000             4.85157967E-03
   1766.00000             4.04996872E-02
   1767.00000             6.36280179E-02
   1768.00000             6.78471923E-02
   1769.00000             4.95027304E-02
   1770.00000             8.89062881E-03
   1771.00000            -4.95173931E-02
   1772.00000             1.02366209E-02
   1773.00000            -1.56140924E-02
   1774.00000            -3.90804410E-02
   1775.00000            -5.81111908E-02
   1776.00000            -7.17617869E-02
   1777.00000            -8.00896287E-02
   1778.00000            -8.38377476E-02
   1779.00000            -8.40733051E-02
   1780.00000            -8.18898082E-02
   1781.00000            -7.81668425E-02
   1782.00000            -7.34366179E-02
   1783.00000            -6.78313375E-02
   1784.00000            -6.11327887E-02
   1785.00000            -5.29798865E-02
   1786.00000            -4.31456566E-02
   1787.00000            -3.18679810E-02
   1788.00000            -1.99708343E-02
   1789.00000            -8.76176357E-03
   1790.00000             2.83241272E-04
   1791.00000             6.00272417E-03
   1792.00000             7.95024633E-03
   1793.00000             6.54810667E-03
   1794.00000             2.94357538E-03
   1795.00000            -1.35350227E-03
   1796.00000            -4.88913059E-03
   1797.00000            -6.57403469E-03
   1798.00000            -5.81187010E-03
   1799.00000            -2.42710114E-03
   1800.00000             3.44091654E-03
   1801.00000             1.14074945E-02
   1802.00000             2.08029747E-02
   1803.00000            -6.28574491E-02
   1804.00000            -3.85546088E-02
   1805.00000            -2.04288960E-02
   1806.00000            -1.16520524E-02
   1807.00000            -1.38072371E-02
   1808.00000            -2.65006423E-02
   1809.00000            -4.76625562E-02
   1810.00000            -4.25587893E-02
   1811.00000             1.52911544E-02
   1812.00000             3.65537405E-03
   1813.00000            -8.23849440E-03
   1814.00000            -2.00723410E-02
   1815.00000            -3.12170982E-02
   1816.00000            -4.06309962E-02
   1817.00000            -4.69575524E-02
   1818.00000            -4.89037037E-02
   1819.00000            -4.56268787E-02
   1820.00000            -3.70277762E-02
   1821.00000            -2.38335133E-02
   1822.00000            -7.41803646E-03
   1823.00000             1.05443597E-02
   1824.00000            -6.87874556E-02
   1825.00000            -2.38156319E-02
   1826.00000             1.55465007E-02
   1827.00000             4.84622121E-02
   1828.00000             7.47724175E-02
   1829.00000             9.43568349E-02
   1830.00000            0.106657147    
   1831.00000            0.110581696    
   1832.00000            0.104806840    
   1833.00000             8.83498788E-02
   1834.00000             6.12444282E-02
   1835.00000             2.49311328E-02
   1836.00000            -1.77577734E-02
   1837.00000            -6.29933476E-02
   1838.00000             1.45058036E-02
   1839.00000             4.16457653E-04
   1840.00000            -1.06788278E-02
   1841.00000            -1.83105469E-02
   1842.00000            -2.25859880E-02
   1843.00000            -2.41081715E-02
   1844.00000            -2.37740278E-02
   1845.00000            -2.25101709E-02
   1846.00000            -2.10074186E-02
   1847.00000            -1.95099115E-02
   1848.00000            -1.78022981E-02
   1849.00000            -1.53298974E-02
   1850.00000            -1.15245581E-02
   1851.00000            -6.09624386E-03
   1852.00000             6.99400902E-04
   1853.00000             8.02010298E-03
   1854.00000             1.46189332E-02
   1855.00000             1.91926360E-02
   1856.00000             2.07549334E-02
   1857.00000             1.89254880E-02
   1858.00000             1.40180588E-02
   1859.00000             6.94715977E-03
   1860.00000            -1.02341175E-03
   1861.00000            -8.57800245E-03
   1862.00000            -1.46216750E-02
   1863.00000            -1.84980631E-02
   1864.00000            -2.00836658E-02
   1865.00000            -1.98002458E-02
   1866.00000            -1.84897780E-02
   1867.00000            -1.72015429E-02
   1868.00000            -1.68992281E-02
   1869.00000            -1.81958079E-02
   1870.00000            -2.11641192E-02
   1871.00000            -2.53389478E-02
   1872.00000            -2.98746228E-02
   1873.00000            -3.38216424E-02
   1874.00000            -3.64285707E-02
   1875.00000            -3.73559594E-02
   1876.00000            -3.67747545E-02
   1877.00000            -3.52728367E-02
   1878.00000            -3.36637497E-02
   1879.00000            -3.27053070E-02
   1880.00000            -3.28457952E-02
   1881.00000            -3.40625048E-02
   1882.00000            -3.58629227E-02
   1883.00000            -3.74118090E-02
   1884.00000            -3.77683043E-02
   1885.00000            -3.61173749E-02
   1886.00000            -3.19891572E-02
   1887.00000            -2.53859162E-02
   1888.00000            -1.68486238E-02
   1889.00000            -7.36182928E-03
   1890.00000             1.79713964E-03
   1891.00000             9.35673714E-03
   1892.00000             1.43701434E-02
   1893.00000             1.65085793E-02
   1894.00000             1.61705017E-02
   1895.00000             1.43520236E-02
   1896.00000             1.23211145E-02
   1897.00000             1.11976862E-02
   1898.00000             1.16174817E-02
   1899.00000             1.35896802E-02
   1900.00000             1.65715814E-02
   1901.00000             1.96875930E-02
   1902.00000             2.20445991E-02
   1903.00000             2.29527950E-02
   1904.00000             2.21040249E-02
   1905.00000             1.96068287E-02
   1906.00000             1.59030557E-02
   1907.00000             1.16373897E-02
   1908.00000             7.45326281E-03
   1909.00000             3.87364626E-03
   1910.00000             1.18148327E-03
   1911.00000            -5.88715076E-04
   1912.00000            -1.59472227E-03
   1913.00000            -2.09391117E-03
   1914.00000            -2.32905149E-03
   1915.00000            -2.43365765E-03
   1916.00000            -2.39086151E-03
   1917.00000            -2.05039978E-03
   1918.00000            -1.20848417E-03
   1919.00000             3.08573246E-04
   1920.00000             2.50786543E-03
   1921.00000             5.19394875E-03
   1922.00000             7.96407461E-03
   1923.00000             1.03742480E-02
   1924.00000             1.20895505E-02
   1925.00000             1.30759478E-02
   1926.00000             1.36499405E-02
   1927.00000             1.43949986E-02
   1928.00000             1.59485936E-02
   1929.00000             1.87484026E-02
   1930.00000             2.28580832E-02
   1931.00000            -7.02324510E-02
   1932.00000            -5.59381843E-02
   1933.00000            -4.36024070E-02
   1934.00000            -3.58183384E-02
   1935.00000            -3.48708630E-02
   1936.00000            -4.22185063E-02
   1937.00000            -5.81957698E-02
   1938.00000             2.36943364E-02
   1939.00000             1.32430196E-02
   1940.00000             2.40170956E-03
   1941.00000            -7.24881887E-03
   1942.00000            -1.43017173E-02
   1943.00000            -1.78504586E-02
   1944.00000            -1.76843405E-02
   1945.00000            -1.42950416E-02
   1946.00000            -8.68386030E-03
   1947.00000            -1.98990107E-03
   1948.00000             4.82398272E-03
   1949.00000             1.12052560E-02
   1950.00000             1.70182586E-02
   1951.00000             2.23937035E-02
   1952.00000            -7.14845061E-02
   1953.00000            -5.89023829E-02
   1954.00000            -4.85905409E-02
   1955.00000            -4.23622727E-02
   1956.00000            -4.22186255E-02
   1957.00000            -4.96873260E-02
   1958.00000            -6.53884411E-02
   1959.00000             2.10849643E-02
   1960.00000             1.03008747E-02
   1961.00000            -1.61266327E-03
   1962.00000            -1.33669972E-02
   1963.00000            -2.35904455E-02
   1964.00000            -3.10219526E-02
   1965.00000            -3.46977711E-02
   1966.00000            -3.40864062E-02
   1967.00000            -2.91386247E-02
   1968.00000            -2.02693343E-02
   1969.00000            -8.29654932E-03
   1970.00000             5.70899248E-03
   1971.00000             2.05588341E-02
   1972.00000            -5.06234169E-02
   1973.00000            -1.40811801E-02
   1974.00000             1.81822777E-02
   1975.00000             4.60295677E-02
   1976.00000             7.01421499E-02
   1977.00000             9.14482474E-02
   1978.00000            0.110500634    
   1979.00000            0.127113283    
   1980.00000            0.140307546    
   1981.00000            0.148801625    
   1982.00000            0.151645720    
   1983.00000            0.148730993    
   1984.00000            0.140917301    
   1985.00000            0.129763424    
   1986.00000            0.116878033    
   1987.00000            0.103435636    
   1988.00000             8.98054242E-02
   1989.00000             7.56089687E-02
   1990.00000             6.01163507E-02
   1991.00000             4.27573919E-02
   1992.00000             2.36342549E-02
   1993.00000             3.64631414E-03
   1994.00000            -1.56700015E-02
   1995.00000            -3.24607491E-02
   1996.00000            -4.51257825E-02
   1997.00000            -5.27136326E-02
   1998.00000            -5.52220345E-02
   1999.00000            -5.36367893E-02
   2000.00000            -4.97510433E-02
   2001.00000            -4.57003713E-02
   2002.00000            -4.34702039E-02
   2003.00000            -4.45247293E-02
   2004.00000            -4.96122241E-02
   2005.00000            -5.88675737E-02
   2006.00000            -7.19902515E-02
   2007.00000             2.12238431E-02
   2008.00000             1.43111944E-02
   2009.00000             6.98900223E-03
   2010.00000            -1.61588192E-04
   2011.00000            -6.51407242E-03
