year,PLF,DTmedian,DT25,DT75
1000,0.117,0.477,0.267,1.068
1001,0.216,0.537,0.300,1.155
1002,0.315,0.588,0.323,1.225
1003,0.411,0.634,0.338,1.277
1004,0.502,0.677,0.347,1.310
1005,0.587,0.717,0.351,1.325
1006,0.661,0.754,0.353,1.323
1007,0.724,0.785,0.354,1.303
1008,0.771,0.807,0.354,1.265
1009,0.800,0.813,0.354,1.209
1010,0.811,0.803,0.354,1.134
1011,0.805,0.777,0.356,1.048
1012,0.784,0.739,0.359,0.956
1013,0.752,0.693,0.366,0.865
1014,0.714,0.645,0.375,0.780
1015,0.674,0.601,0.386,0.706
1016,0.637,0.564,0.399,0.647
1017,0.606,0.535,0.412,0.603
1018,0.583,0.515,0.425,0.571
1019,0.569,0.501,0.435,0.550
1020,0.562,0.492,0.442,0.536
1021,0.561,0.487,0.447,0.528
1022,0.562,0.483,0.449,0.523
1023,0.565,0.483,0.448,0.522
1024,0.566,0.482,0.445,0.520
1025,0.566,0.481,0.438,0.518
1026,0.562,0.479,0.428,0.517
1027,0.556,0.478,0.418,0.517
1028,0.547,0.479,0.407,0.518
1029,0.536,0.480,0.394,0.521
1030,0.522,0.481,0.379,0.525
1031,0.507,0.480,0.361,0.529
1032,0.487,0.476,0.338,0.532
1033,0.461,0.467,0.309,0.532
1034,0.425,0.448,0.268,0.524
1035,0.375,0.415,0.213,0.506
1036,0.310,0.364,0.139,0.471
1037,0.227,0.292,0.046,0.417
1038,0.129,0.198,-0.066,0.344
1039,0.019,0.088,-0.191,0.255
1040,-0.094,-0.033,-0.322,0.155
1041,-0.202,-0.152,-0.449,0.053
1042,-0.296,-0.261,-0.561,-0.040
1043,-0.367,-0.349,-0.652,-0.116
1044,-0.408,-0.409,-0.716,-0.169
1045,-0.418,-0.438,-0.747,-0.192
1046,-0.396,-0.433,-0.744,-0.186
1047,-0.348,-0.396,-0.708,-0.149
1048,-0.277,-0.329,-0.643,-0.085
1049,-0.193,-0.235,-0.549,0.003
1050,-0.102,-0.123,-0.433,0.106
1051,-0.010,0.003,-0.301,0.218
1052,0.076,0.130,-0.166,0.331
1053,0.152,0.247,-0.038,0.434
1054,0.215,0.345,0.070,0.520
1055,0.262,0.418,0.152,0.584
1056,0.293,0.462,0.202,0.623
1057,0.308,0.475,0.217,0.636
1058,0.306,0.458,0.199,0.624
1059,0.289,0.414,0.153,0.589
1060,0.260,0.350,0.087,0.535
1061,0.223,0.273,0.008,0.467
1062,0.183,0.189,-0.076,0.392
1063,0.144,0.107,-0.159,0.315
1064,0.111,0.035,-0.232,0.247
1065,0.089,-0.016,-0.287,0.196
1066,0.081,-0.042,-0.319,0.169
1067,0.091,-0.038,-0.324,0.169
1068,0.116,-0.011,-0.306,0.193
1069,0.155,0.036,-0.265,0.237
1070,0.203,0.092,-0.212,0.292
1071,0.254,0.144,-0.157,0.350
1072,0.302,0.180,-0.110,0.401
1073,0.340,0.189,-0.084,0.441
1074,0.363,0.167,-0.083,0.467
1075,0.369,0.111,-0.109,0.479
1076,0.358,0.030,-0.163,0.480
1077,0.332,-0.069,-0.233,0.473
1078,0.297,-0.175,-0.312,0.462
1079,0.259,-0.274,-0.388,0.450
1080,0.223,-0.352,-0.449,0.444
1081,0.197,-0.399,-0.489,0.442
1082,0.185,-0.411,-0.498,0.450
1083,0.189,-0.383,-0.475,0.468
1084,0.212,-0.318,-0.420,0.500
1085,0.251,-0.225,-0.340,0.547
1086,0.303,-0.112,-0.243,0.608
1087,0.360,0.010,-0.138,0.684
1088,0.419,0.130,-0.032,0.768
1089,0.471,0.241,0.066,0.856
1090,0.512,0.335,0.148,0.940
1091,0.539,0.409,0.213,1.013
1092,0.551,0.461,0.260,1.066
1093,0.549,0.492,0.290,1.095
1094,0.535,0.505,0.306,1.094
1095,0.514,0.503,0.311,1.065
1096,0.491,0.494,0.313,1.015
1097,0.472,0.480,0.313,0.950
1098,0.459,0.469,0.312,0.879
1099,0.459,0.466,0.319,0.814
1100,0.471,0.476,0.331,0.766
1101,0.495,0.500,0.350,0.739
1102,0.529,0.540,0.377,0.739
1103,0.566,0.593,0.410,0.765
1104,0.602,0.654,0.440,0.811
1105,0.631,0.717,0.465,0.868
1106,0.651,0.778,0.478,0.930
1107,0.660,0.827,0.477,0.986
1108,0.662,0.867,0.466,1.033
1109,0.658,0.895,0.450,1.072
1110,0.653,0.915,0.438,1.099
1111,0.649,0.926,0.433,1.115
1112,0.647,0.929,0.437,1.118
1113,0.645,0.923,0.445,1.108
1114,0.642,0.905,0.450,1.082
1115,0.634,0.873,0.443,1.040
1116,0.617,0.827,0.416,0.983
1117,0.589,0.766,0.363,0.913
1118,0.549,0.695,0.290,0.837
1119,0.494,0.620,0.202,0.763
1120,0.424,0.544,0.105,0.694
1121,0.340,0.470,0.009,0.634
1122,0.242,0.399,-0.085,0.584
1123,0.132,0.331,-0.173,0.543
1124,0.014,0.267,-0.253,0.512
1125,-0.105,0.210,-0.321,0.487
1126,-0.214,0.163,-0.375,0.470
1127,-0.304,0.134,-0.407,0.463
1128,-0.362,0.128,-0.415,0.469
1129,-0.380,0.144,-0.400,0.485
1130,-0.353,0.185,-0.357,0.514
1131,-0.281,0.248,-0.285,0.558
1132,-0.170,0.332,-0.187,0.617
1133,-0.030,0.431,-0.066,0.690
1134,0.127,0.538,0.071,0.776
1135,0.288,0.647,0.215,0.868
1136,0.443,0.747,0.354,0.958
1137,0.582,0.834,0.481,1.040
1138,0.701,0.904,0.589,1.108
1139,0.797,0.956,0.673,1.158
1140,0.868,0.986,0.732,1.187
1141,0.913,0.996,0.766,1.192
1142,0.933,0.987,0.778,1.175
1143,0.929,0.961,0.770,1.136
1144,0.901,0.921,0.747,1.079
1145,0.853,0.868,0.711,1.007
1146,0.788,0.805,0.666,0.925
1147,0.710,0.738,0.615,0.840
1148,0.627,0.670,0.562,0.761
1149,0.544,0.609,0.514,0.694
1150,0.470,0.557,0.472,0.643
1151,0.411,0.518,0.436,0.614
1152,0.372,0.492,0.409,0.606
1153,0.356,0.482,0.392,0.623
1154,0.364,0.488,0.385,0.665
1155,0.395,0.510,0.389,0.729
1156,0.444,0.551,0.406,0.812
1157,0.506,0.611,0.438,0.909
1158,0.573,0.683,0.483,1.008
1159,0.635,0.760,0.535,1.098
1160,0.685,0.836,0.589,1.170
1161,0.717,0.900,0.638,1.216
1162,0.725,0.946,0.675,1.232
1163,0.711,0.969,0.693,1.220
1164,0.678,0.967,0.687,1.182
1165,0.631,0.942,0.659,1.126
1166,0.578,0.901,0.615,1.060
1167,0.528,0.851,0.562,0.994
1168,0.487,0.799,0.509,0.932
1169,0.460,0.751,0.462,0.875
1170,0.448,0.708,0.426,0.828
1171,0.451,0.673,0.401,0.788
1172,0.466,0.641,0.387,0.754
1173,0.488,0.613,0.378,0.721
1174,0.514,0.588,0.374,0.690
1175,0.540,0.565,0.374,0.659
1176,0.562,0.544,0.376,0.630
1177,0.580,0.526,0.379,0.604
1178,0.594,0.511,0.382,0.582
1179,0.608,0.503,0.385,0.568
1180,0.622,0.500,0.385,0.562
1181,0.641,0.505,0.382,0.567
1182,0.664,0.518,0.378,0.583
1183,0.694,0.541,0.371,0.615
1184,0.728,0.574,0.364,0.662
1185,0.764,0.620,0.360,0.727
1186,0.800,0.673,0.358,0.808
1187,0.832,0.732,0.358,0.903
1188,0.859,0.788,0.359,1.006
1189,0.877,0.835,0.361,1.109
1190,0.887,0.867,0.363,1.207
1191,0.887,0.881,0.364,1.293
1192,0.879,0.875,0.365,1.363
1193,0.864,0.852,0.364,1.415
1194,0.843,0.818,0.363,1.451
1195,0.820,0.779,0.362,1.472
1196,0.798,0.743,0.361,1.483
1197,0.778,0.715,0.364,1.487
1198,0.765,0.699,0.370,1.488
1199,0.759,0.697,0.382,1.489
1200,0.761,0.710,0.402,1.491
1201,0.771,0.740,0.432,1.496
1202,0.788,0.787,0.474,1.502
1203,0.808,0.847,0.529,1.508
1204,0.829,0.913,0.590,1.512
1205,0.845,0.977,0.654,1.507
1206,0.851,1.030,0.711,1.491
1207,0.843,1.060,0.751,1.459
1208,0.817,1.059,0.762,1.407
1209,0.771,1.020,0.734,1.333
1210,0.706,0.942,0.663,1.236
1211,0.626,0.828,0.553,1.121
1212,0.534,0.688,0.411,0.992
1213,0.439,0.536,0.253,0.858
1214,0.348,0.387,0.095,0.729
1215,0.267,0.258,-0.045,0.616
1216,0.203,0.160,-0.155,0.527
1217,0.159,0.100,-0.225,0.466
1218,0.136,0.083,-0.255,0.436
1219,0.134,0.102,-0.246,0.434
1220,0.150,0.150,-0.208,0.453
1221,0.179,0.214,-0.155,0.485
1222,0.216,0.281,-0.098,0.521
1223,0.256,0.343,-0.051,0.555
1224,0.294,0.392,-0.020,0.581
1225,0.326,0.427,-0.006,0.599
1226,0.351,0.448,-0.010,0.609
1227,0.367,0.458,-0.024,0.613
1228,0.375,0.460,-0.041,0.614
1229,0.376,0.460,-0.054,0.617
1230,0.370,0.460,-0.058,0.621
1231,0.360,0.462,-0.052,0.629
1232,0.347,0.465,-0.039,0.638
1233,0.332,0.469,-0.018,0.648
1234,0.317,0.473,0.005,0.658
1235,0.304,0.476,0.029,0.666
1236,0.294,0.479,0.052,0.672
1237,0.289,0.480,0.073,0.676
1238,0.290,0.481,0.092,0.679
1239,0.297,0.482,0.108,0.682
1240,0.311,0.484,0.124,0.686
1241,0.331,0.488,0.140,0.691
1242,0.356,0.492,0.155,0.696
1243,0.386,0.496,0.170,0.700
1244,0.419,0.499,0.182,0.701
1245,0.451,0.500,0.193,0.697
1246,0.481,0.499,0.200,0.687
1247,0.505,0.496,0.203,0.673
1248,0.519,0.486,0.201,0.650
1249,0.518,0.472,0.194,0.621
1250,0.497,0.450,0.180,0.585
1251,0.449,0.420,0.156,0.542
1252,0.368,0.379,0.120,0.490
1253,0.248,0.322,0.067,0.426
1254,0.084,0.247,-0.005,0.348
1255,-0.126,0.154,-0.094,0.255
1256,-0.379,0.045,-0.197,0.149
1257,-0.666,-0.076,-0.309,0.033
1258,-0.972,-0.201,-0.421,-0.084
1259,-1.275,-0.322,-0.526,-0.195
1260,-1.552,-0.428,-0.613,-0.290
1261,-1.773,-0.513,-0.679,-0.362
1262,-1.916,-0.574,-0.720,-0.404
1263,-1.961,-0.605,-0.734,-0.415
1264,-1.903,-0.607,-0.719,-0.394
1265,-1.745,-0.578,-0.677,-0.338
1266,-1.506,-0.520,-0.608,-0.254
1267,-1.211,-0.437,-0.517,-0.147
1268,-0.888,-0.332,-0.407,-0.021
1269,-0.567,-0.208,-0.288,0.119
1270,-0.268,-0.079,-0.166,0.263
1271,-0.008,0.050,-0.051,0.408
1272,0.207,0.174,0.052,0.549
1273,0.377,0.286,0.137,0.680
1274,0.506,0.384,0.203,0.796
1275,0.601,0.465,0.249,0.890
1276,0.667,0.527,0.276,0.955
1277,0.709,0.570,0.286,0.989
1278,0.731,0.593,0.280,0.989
1279,0.735,0.599,0.262,0.960
1280,0.722,0.588,0.232,0.909
1281,0.693,0.564,0.190,0.845
1282,0.646,0.533,0.141,0.778
1283,0.583,0.497,0.089,0.714
1284,0.501,0.457,0.034,0.655
1285,0.399,0.414,-0.021,0.602
1286,0.274,0.367,-0.076,0.550
1287,0.123,0.314,-0.133,0.498
1288,-0.057,0.251,-0.191,0.439
1289,-0.264,0.176,-0.252,0.368
1290,-0.496,0.088,-0.317,0.282
1291,-0.742,-0.010,-0.384,0.183
1292,-0.989,-0.115,-0.449,0.072
1293,-1.220,-0.220,-0.507,-0.043
1294,-1.413,-0.316,-0.555,-0.153
1295,-1.549,-0.393,-0.586,-0.246
1296,-1.612,-0.444,-0.598,-0.311
1297,-1.592,-0.460,-0.584,-0.337
1298,-1.490,-0.437,-0.543,-0.319
1299,-1.315,-0.372,-0.472,-0.255
1300,-1.083,-0.270,-0.373,-0.151
1301,-0.815,-0.136,-0.246,-0.012
1302,-0.534,0.023,-0.097,0.150
1303,-0.260,0.195,0.065,0.322
1304,-0.008,0.364,0.227,0.489
1305,0.211,0.517,0.376,0.637
1306,0.392,0.640,0.501,0.759
1307,0.534,0.725,0.591,0.844
1308,0.637,0.769,0.643,0.895
1309,0.705,0.777,0.657,0.914
1310,0.742,0.754,0.639,0.913
1311,0.755,0.714,0.600,0.904
1312,0.751,0.667,0.550,0.899
1313,0.735,0.622,0.498,0.907
1314,0.714,0.587,0.451,0.932
1315,0.688,0.565,0.414,0.975
1316,0.661,0.556,0.386,1.029
1317,0.630,0.558,0.369,1.087
1318,0.597,0.564,0.358,1.140
1319,0.560,0.575,0.352,1.185
1320,0.518,0.585,0.350,1.220
1321,0.473,0.596,0.352,1.246
1322,0.423,0.603,0.353,1.263
1323,0.371,0.606,0.354,1.271
1324,0.316,0.607,0.354,1.279
1325,0.260,0.605,0.354,1.286
1326,0.205,0.602,0.354,1.295
1327,0.151,0.596,0.354,1.303
1328,0.100,0.589,0.353,1.313
1329,0.053,0.582,0.353,1.326
1330,0.013,0.575,0.352,1.339
1331,-0.021,0.570,0.352,1.353
1332,-0.045,0.566,0.352,1.368
1333,-0.061,0.566,0.352,1.384
1334,-0.067,0.568,0.352,1.401
1335,-0.066,0.573,0.352,1.419
1336,-0.057,0.580,0.352,1.437
1337,-0.045,0.588,0.353,1.454
1338,-0.030,0.596,0.353,1.470
1339,-0.012,0.602,0.353,1.484
1340,0.006,0.608,0.353,1.495
1341,0.027,0.612,0.354,1.504
1342,0.052,0.615,0.354,1.510
1343,0.082,0.617,0.354,1.515
1344,0.118,0.617,0.354,1.515
1345,0.161,0.616,0.354,1.508
1346,0.212,0.613,0.353,1.494
1347,0.270,0.609,0.351,1.472
1348,0.331,0.602,0.350,1.439
1349,0.394,0.593,0.347,1.392
1350,0.456,0.580,0.344,1.330
1351,0.512,0.565,0.339,1.253
1352,0.560,0.548,0.334,1.162
1353,0.598,0.530,0.329,1.062
1354,0.624,0.513,0.324,0.959
1355,0.640,0.497,0.319,0.859
1356,0.647,0.484,0.314,0.770
1357,0.649,0.474,0.309,0.694
1358,0.649,0.466,0.303,0.634
1359,0.650,0.461,0.295,0.590
1360,0.656,0.458,0.286,0.560
1361,0.665,0.456,0.277,0.540
1362,0.678,0.455,0.268,0.528
1363,0.692,0.454,0.261,0.521
1364,0.703,0.453,0.255,0.516
1365,0.705,0.451,0.250,0.515
1366,0.696,0.446,0.246,0.512
1367,0.670,0.437,0.240,0.508
1368,0.628,0.424,0.228,0.501
1369,0.568,0.406,0.209,0.493
1370,0.492,0.380,0.179,0.481
1371,0.407,0.348,0.137,0.467
1372,0.316,0.309,0.085,0.451
1373,0.231,0.269,0.028,0.434
1374,0.158,0.231,-0.027,0.418
1375,0.108,0.204,-0.071,0.410
1376,0.087,0.193,-0.096,0.410
1377,0.098,0.200,-0.098,0.423
1378,0.140,0.228,-0.075,0.452
1379,0.209,0.273,-0.032,0.497
1380,0.297,0.332,0.024,0.559
1381,0.395,0.398,0.086,0.634
1382,0.492,0.465,0.147,0.721
1383,0.580,0.525,0.201,0.814
1384,0.653,0.575,0.244,0.904
1385,0.707,0.610,0.278,0.984
1386,0.742,0.628,0.303,1.043
1387,0.758,0.630,0.318,1.074
1388,0.756,0.616,0.328,1.074
1389,0.740,0.592,0.333,1.042
1390,0.713,0.561,0.336,0.985
1391,0.678,0.531,0.338,0.911
1392,0.639,0.503,0.343,0.831
1393,0.599,0.482,0.350,0.752
1394,0.561,0.467,0.359,0.683
1395,0.526,0.458,0.369,0.629
1396,0.496,0.452,0.378,0.590
1397,0.471,0.449,0.384,0.568
1398,0.452,0.447,0.386,0.562
1399,0.438,0.446,0.383,0.573
1400,0.430,0.446,0.377,0.602
1401,0.427,0.449,0.369,0.648
1402,0.426,0.455,0.360,0.714
1403,0.427,0.467,0.352,0.794
1404,0.426,0.482,0.346,0.881
1405,0.421,0.500,0.342,0.968
1406,0.410,0.517,0.339,1.047
1407,0.390,0.532,0.338,1.110
1408,0.363,0.543,0.337,1.150
1409,0.327,0.546,0.335,1.162
1410,0.284,0.540,0.332,1.144
1411,0.236,0.528,0.327,1.099
1412,0.188,0.508,0.321,1.030
1413,0.142,0.485,0.315,0.946
1414,0.103,0.461,0.308,0.855
1415,0.077,0.438,0.304,0.765
1416,0.068,0.418,0.300,0.682
1417,0.078,0.403,0.298,0.614
1418,0.109,0.392,0.296,0.564
1419,0.160,0.386,0.294,0.529
1420,0.226,0.383,0.293,0.509
1421,0.303,0.384,0.292,0.499
1422,0.381,0.384,0.287,0.495
1423,0.454,0.382,0.279,0.494
1424,0.513,0.377,0.266,0.493
1425,0.551,0.364,0.245,0.493
1426,0.563,0.338,0.214,0.487
1427,0.548,0.296,0.169,0.475
1428,0.507,0.232,0.108,0.456
1429,0.444,0.148,0.029,0.432
1430,0.365,0.045,-0.064,0.405
1431,0.274,-0.071,-0.168,0.378
1432,0.178,-0.194,-0.277,0.356
1433,0.080,-0.310,-0.378,0.340
1434,-0.016,-0.412,-0.467,0.332
1435,-0.108,-0.492,-0.536,0.332
1436,-0.195,-0.545,-0.581,0.339
1437,-0.275,-0.565,-0.598,0.349
1438,-0.345,-0.554,-0.586,0.362
1439,-0.406,-0.511,-0.547,0.374
1440,-0.453,-0.442,-0.483,0.384
1441,-0.486,-0.354,-0.401,0.390
1442,-0.504,-0.253,-0.306,0.391
1443,-0.506,-0.147,-0.204,0.390
1444,-0.491,-0.046,-0.105,0.384
1445,-0.461,0.043,-0.015,0.376
1446,-0.417,0.117,0.059,0.367
1447,-0.363,0.174,0.117,0.362
1448,-0.303,0.216,0.157,0.358
1449,-0.245,0.243,0.180,0.360
1450,-0.199,0.257,0.184,0.364
1451,-0.174,0.257,0.168,0.370
1452,-0.182,0.241,0.132,0.373
1453,-0.233,0.206,0.075,0.369
1454,-0.330,0.149,-0.004,0.356
1455,-0.473,0.073,-0.099,0.331
1456,-0.654,-0.016,-0.203,0.298
1457,-0.855,-0.112,-0.309,0.258
1458,-1.058,-0.208,-0.407,0.214
1459,-1.242,-0.295,-0.493,0.169
1460,-1.384,-0.364,-0.559,0.129
1461,-1.471,-0.410,-0.604,0.095
1462,-1.494,-0.432,-0.630,0.070
1463,-1.452,-0.434,-0.638,0.052
1464,-1.355,-0.420,-0.634,0.039
1465,-1.217,-0.398,-0.624,0.025
1466,-1.058,-0.376,-0.614,0.007
1467,-0.895,-0.362,-0.606,-0.021
1468,-0.746,-0.357,-0.606,-0.057
1469,-0.621,-0.363,-0.614,-0.099
1470,-0.524,-0.377,-0.628,-0.144
1471,-0.453,-0.393,-0.646,-0.184
1472,-0.400,-0.405,-0.660,-0.211
1473,-0.357,-0.403,-0.663,-0.220
1474,-0.313,-0.384,-0.653,-0.205
1475,-0.261,-0.343,-0.624,-0.164
1476,-0.200,-0.282,-0.579,-0.102
1477,-0.129,-0.205,-0.521,-0.022
1478,-0.052,-0.116,-0.454,0.070
1479,0.026,-0.025,-0.388,0.163
1480,0.100,0.062,-0.326,0.251
1481,0.163,0.134,-0.275,0.324
1482,0.210,0.188,-0.237,0.376
1483,0.240,0.218,-0.212,0.406
1484,0.252,0.223,-0.201,0.411
1485,0.246,0.203,-0.203,0.391
1486,0.225,0.162,-0.216,0.348
1487,0.194,0.103,-0.239,0.288
1488,0.155,0.034,-0.270,0.216
1489,0.115,-0.038,-0.304,0.139
1490,0.077,-0.107,-0.337,0.064
1491,0.044,-0.164,-0.365,0.003
1492,0.021,-0.203,-0.382,-0.040
1493,0.009,-0.219,-0.385,-0.057
1494,0.009,-0.209,-0.369,-0.044
1495,0.023,-0.170,-0.331,-0.001
1496,0.051,-0.104,-0.270,0.072
1497,0.092,-0.010,-0.183,0.172
1498,0.145,0.107,-0.077,0.293
1499,0.210,0.239,0.049,0.426
1500,0.285,0.382,0.187,0.567
1501,0.366,0.525,0.329,0.705
1502,0.450,0.658,0.463,0.830
1503,0.531,0.772,0.578,0.934
1504,0.603,0.857,0.666,1.010
1505,0.660,0.906,0.719,1.050
1506,0.696,0.918,0.735,1.053
1507,0.709,0.893,0.717,1.019
1508,0.698,0.838,0.673,0.956
1509,0.665,0.762,0.611,0.872
1510,0.614,0.678,0.543,0.781
1511,0.550,0.598,0.479,0.693
1512,0.479,0.527,0.425,0.617
1513,0.408,0.473,0.384,0.557
1514,0.342,0.436,0.358,0.515
1515,0.285,0.413,0.343,0.488
1516,0.241,0.401,0.335,0.476
1517,0.212,0.397,0.332,0.474
1518,0.200,0.395,0.331,0.481
1519,0.207,0.398,0.330,0.497
1520,0.231,0.407,0.329,0.526
1521,0.272,0.422,0.331,0.569
1522,0.326,0.447,0.337,0.630
1523,0.390,0.486,0.350,0.709
1524,0.461,0.539,0.372,0.804
1525,0.534,0.608,0.406,0.910
1526,0.603,0.690,0.450,1.018
1527,0.664,0.778,0.504,1.120
1528,0.712,0.863,0.564,1.205
1529,0.742,0.937,0.621,1.263
1530,0.752,0.989,0.669,1.291
1531,0.740,1.012,0.698,1.285
1532,0.706,1.002,0.701,1.249
1533,0.656,0.960,0.673,1.187
1534,0.592,0.890,0.617,1.107
1535,0.524,0.802,0.536,1.017
1536,0.458,0.706,0.442,0.925
1537,0.401,0.613,0.343,0.837
1538,0.357,0.531,0.250,0.760
1539,0.331,0.467,0.169,0.698
1540,0.323,0.422,0.106,0.651
1541,0.333,0.400,0.066,0.621
1542,0.359,0.398,0.047,0.606
1543,0.398,0.415,0.054,0.608
1544,0.448,0.449,0.088,0.627
1545,0.505,0.501,0.149,0.665
1546,0.567,0.569,0.236,0.721
1547,0.631,0.653,0.344,0.795
1548,0.695,0.750,0.467,0.885
1549,0.758,0.857,0.596,0.986
1550,0.817,0.966,0.721,1.093
1551,0.871,1.069,0.829,1.198
1552,0.917,1.158,0.912,1.295
1553,0.954,1.226,0.960,1.378
1554,0.979,1.267,0.971,1.444
1555,0.991,1.279,0.946,1.492
1556,0.990,1.260,0.891,1.523
1557,0.977,1.213,0.815,1.536
1558,0.954,1.143,0.729,1.535
1559,0.925,1.056,0.642,1.522
1560,0.893,0.961,0.563,1.496
1561,0.862,0.864,0.496,1.456
1562,0.833,0.772,0.442,1.402
1563,0.809,0.691,0.403,1.334
1564,0.788,0.624,0.376,1.252
1565,0.769,0.570,0.354,1.157
1566,0.748,0.524,0.335,1.054
1567,0.725,0.484,0.316,0.949
1568,0.694,0.448,0.292,0.848
1569,0.654,0.409,0.260,0.756
1570,0.603,0.363,0.214,0.677
1571,0.539,0.304,0.153,0.612
1572,0.463,0.231,0.075,0.562
1573,0.376,0.140,-0.019,0.522
1574,0.281,0.032,-0.125,0.492
1575,0.183,-0.087,-0.237,0.468
1576,0.084,-0.211,-0.348,0.448
1577,-0.010,-0.331,-0.450,0.432
1578,-0.095,-0.439,-0.538,0.421
1579,-0.167,-0.529,-0.610,0.412
1580,-0.224,-0.595,-0.660,0.404
1581,-0.262,-0.636,-0.691,0.400
1582,-0.281,-0.652,-0.702,0.397
1583,-0.281,-0.642,-0.695,0.397
1584,-0.263,-0.606,-0.668,0.399
1585,-0.230,-0.546,-0.622,0.404
1586,-0.182,-0.463,-0.553,0.411
1587,-0.125,-0.360,-0.466,0.421
1588,-0.060,-0.244,-0.364,0.432
1589,0.010,-0.122,-0.252,0.444
1590,0.083,-0.002,-0.139,0.457
1591,0.155,0.109,-0.031,0.470
1592,0.225,0.205,0.065,0.483
1593,0.290,0.281,0.141,0.494
1594,0.349,0.336,0.192,0.501
1595,0.397,0.369,0.221,0.503
1596,0.430,0.383,0.229,0.500
1597,0.441,0.376,0.214,0.487
1598,0.425,0.348,0.179,0.461
1599,0.375,0.297,0.122,0.417
1600,0.285,0.220,0.041,0.351
1601,0.152,0.116,-0.065,0.260
1602,-0.021,-0.011,-0.192,0.146
1603,-0.230,-0.156,-0.334,0.010
1604,-0.464,-0.313,-0.485,-0.138
1605,-0.708,-0.470,-0.635,-0.290
1606,-0.943,-0.613,-0.773,-0.431
1607,-1.151,-0.730,-0.885,-0.548
1608,-1.314,-0.811,-0.965,-0.630
1609,-1.416,-0.852,-1.009,-0.671
1610,-1.447,-0.847,-1.014,-0.666
1611,-1.404,-0.798,-0.979,-0.618
1612,-1.289,-0.710,-0.907,-0.530
1613,-1.114,-0.589,-0.802,-0.412
1614,-0.894,-0.445,-0.671,-0.273
1615,-0.648,-0.288,-0.522,-0.124
1616,-0.398,-0.134,-0.369,0.020
1617,-0.161,0.007,-0.223,0.150
1618,0.048,0.128,-0.092,0.263
1619,0.220,0.223,0.017,0.354
1620,0.350,0.292,0.103,0.423
1621,0.440,0.337,0.165,0.478
1622,0.497,0.366,0.208,0.525
1623,0.527,0.383,0.238,0.571
1624,0.540,0.396,0.258,0.624
1625,0.543,0.410,0.274,0.687
1626,0.543,0.426,0.287,0.758
1627,0.544,0.443,0.299,0.830
1628,0.548,0.458,0.306,0.893
1629,0.554,0.471,0.311,0.939
1630,0.560,0.477,0.312,0.959
1631,0.562,0.473,0.307,0.948
1632,0.556,0.457,0.292,0.906
1633,0.537,0.431,0.267,0.840
1634,0.502,0.393,0.230,0.757
1635,0.447,0.345,0.178,0.666
1636,0.374,0.288,0.112,0.572
1637,0.284,0.222,0.033,0.483
1638,0.183,0.154,-0.055,0.404
1639,0.080,0.089,-0.144,0.337
1640,-0.014,0.038,-0.226,0.289
1641,-0.090,0.008,-0.290,0.262
1642,-0.137,0.005,-0.330,0.259
1643,-0.152,0.030,-0.338,0.279
1644,-0.135,0.083,-0.316,0.320
1645,-0.089,0.156,-0.266,0.375
1646,-0.024,0.243,-0.191,0.438
1647,0.052,0.334,-0.100,0.503
1648,0.129,0.424,-0.005,0.566
1649,0.200,0.505,0.085,0.624
1650,0.260,0.577,0.162,0.675
1651,0.308,0.636,0.221,0.717
1652,0.345,0.684,0.260,0.752
1653,0.374,0.720,0.282,0.779
1654,0.395,0.744,0.292,0.798
1655,0.410,0.756,0.294,0.809
1656,0.420,0.756,0.287,0.813
1657,0.421,0.746,0.272,0.808
1658,0.414,0.726,0.244,0.793
1659,0.396,0.696,0.202,0.769
1660,0.365,0.659,0.147,0.739
1661,0.325,0.621,0.080,0.704
1662,0.276,0.582,0.008,0.667
1663,0.226,0.544,-0.061,0.632
1664,0.178,0.508,-0.121,0.599
1665,0.137,0.475,-0.166,0.570
1666,0.104,0.440,-0.199,0.542
1667,0.076,0.398,-0.225,0.512
1668,0.048,0.344,-0.250,0.475
1669,0.012,0.275,-0.280,0.427
1670,-0.035,0.187,-0.321,0.365
1671,-0.098,0.084,-0.376,0.289
1672,-0.177,-0.030,-0.443,0.203
1673,-0.265,-0.149,-0.520,0.111
1674,-0.356,-0.263,-0.599,0.019
1675,-0.439,-0.365,-0.674,-0.064
1676,-0.506,-0.445,-0.736,-0.129
1677,-0.548,-0.500,-0.778,-0.172
1678,-0.561,-0.527,-0.797,-0.186
1679,-0.543,-0.526,-0.793,-0.173
1680,-0.492,-0.496,-0.766,-0.133
1681,-0.413,-0.438,-0.717,-0.067
1682,-0.313,-0.354,-0.644,0.021
1683,-0.203,-0.249,-0.553,0.122
1684,-0.093,-0.131,-0.450,0.228
1685,0.001,-0.013,-0.348,0.327
1686,0.066,0.091,-0.258,0.408
1687,0.089,0.169,-0.192,0.458
1688,0.060,0.208,-0.159,0.469
1689,-0.027,0.203,-0.163,0.439
1690,-0.170,0.154,-0.205,0.368
1691,-0.361,0.067,-0.276,0.264
1692,-0.584,-0.044,-0.366,0.143
1693,-0.817,-0.165,-0.461,0.015
1694,-1.034,-0.279,-0.549,-0.103
1695,-1.210,-0.375,-0.622,-0.200
1696,-1.324,-0.440,-0.671,-0.266
1697,-1.362,-0.470,-0.694,-0.298
1698,-1.322,-0.461,-0.693,-0.290
1699,-1.207,-0.414,-0.665,-0.247
1700,-1.032,-0.334,-0.612,-0.171
1701,-0.815,-0.229,-0.537,-0.070
1702,-0.579,-0.107,-0.448,0.047
1703,-0.342,0.021,-0.347,0.172
1704,-0.121,0.153,-0.236,0.301
1705,0.076,0.280,-0.116,0.428
1706,0.241,0.403,0.012,0.553
1707,0.377,0.523,0.148,0.675
1708,0.485,0.641,0.291,0.798
1709,0.571,0.757,0.437,0.919
1710,0.640,0.868,0.582,1.033
1711,0.696,0.970,0.718,1.137
1712,0.744,1.058,0.837,1.225
1713,0.782,1.121,0.929,1.288
1714,0.811,1.154,0.987,1.321
1715,0.827,1.155,1.008,1.321
1716,0.827,1.120,0.991,1.286
1717,0.809,1.053,0.939,1.217
1718,0.771,0.961,0.860,1.119
1719,0.715,0.852,0.765,1.002
1720,0.643,0.738,0.661,0.874
1721,0.556,0.626,0.561,0.747
1722,0.461,0.524,0.470,0.628
1723,0.361,0.438,0.393,0.525
1724,0.259,0.368,0.333,0.441
1725,0.161,0.316,0.287,0.378
1726,0.069,0.278,0.255,0.334
1727,-0.014,0.252,0.234,0.307
1728,-0.085,0.235,0.220,0.292
1729,-0.142,0.226,0.213,0.286
1730,-0.182,0.224,0.212,0.288
1731,-0.203,0.226,0.213,0.299
1732,-0.204,0.231,0.216,0.314
1733,-0.183,0.240,0.222,0.332
1734,-0.141,0.252,0.230,0.358
1735,-0.079,0.267,0.241,0.394
1736,-0.001,0.285,0.253,0.439
1737,0.090,0.305,0.265,0.492
1738,0.189,0.325,0.275,0.550
1739,0.286,0.346,0.282,0.607
1740,0.375,0.365,0.282,0.656
1741,0.445,0.380,0.272,0.691
1742,0.488,0.391,0.250,0.710
1743,0.497,0.396,0.214,0.711
1744,0.467,0.394,0.164,0.696
1745,0.396,0.385,0.100,0.670
1746,0.286,0.368,0.025,0.636
1747,0.145,0.345,-0.058,0.600
1748,-0.014,0.318,-0.143,0.566
1749,-0.177,0.290,-0.223,0.536
1750,-0.325,0.266,-0.291,0.512
1751,-0.441,0.249,-0.344,0.494
1752,-0.512,0.244,-0.375,0.483
1753,-0.530,0.253,-0.383,0.483
1754,-0.493,0.275,-0.367,0.493
1755,-0.409,0.308,-0.333,0.510
1756,-0.289,0.346,-0.281,0.532
1757,-0.150,0.387,-0.217,0.558
1758,-0.007,0.425,-0.146,0.587
1759,0.124,0.455,-0.078,0.613
1760,0.232,0.471,-0.022,0.632
1761,0.309,0.469,0.013,0.638
1762,0.354,0.444,0.022,0.626
1763,0.364,0.396,0.001,0.594
1764,0.342,0.326,-0.049,0.543
1765,0.289,0.239,-0.123,0.477
1766,0.211,0.144,-0.208,0.405
1767,0.111,0.052,-0.294,0.335
1768,-0.008,-0.031,-0.373,0.272
1769,-0.148,-0.101,-0.440,0.221
1770,-0.309,-0.158,-0.492,0.180
1771,-0.489,-0.208,-0.533,0.146
1772,-0.683,-0.257,-0.567,0.111
1773,-0.879,-0.309,-0.598,0.073
1774,-1.059,-0.367,-0.629,0.030
1775,-1.202,-0.429,-0.659,-0.014
1776,-1.289,-0.489,-0.684,-0.054
1777,-1.305,-0.539,-0.704,-0.081
1778,-1.246,-0.578,-0.715,-0.091
1779,-1.117,-0.598,-0.713,-0.081
1780,-0.934,-0.595,-0.696,-0.048
1781,-0.718,-0.565,-0.663,0.006
1782,-0.491,-0.508,-0.610,0.074
1783,-0.272,-0.426,-0.542,0.149
1784,-0.076,-0.323,-0.459,0.227
1785,0.089,-0.207,-0.368,0.300
1786,0.219,-0.087,-0.276,0.367
1787,0.311,0.027,-0.190,0.424
1788,0.368,0.126,-0.117,0.470
1789,0.394,0.205,-0.061,0.506
1790,0.395,0.261,-0.025,0.530
1791,0.379,0.297,-0.004,0.546
1792,0.354,0.317,0.006,0.558
1793,0.327,0.328,0.013,0.568
1794,0.305,0.340,0.023,0.582
1795,0.295,0.360,0.042,0.603
1796,0.300,0.394,0.076,0.637
1797,0.321,0.446,0.129,0.687
1798,0.360,0.521,0.202,0.754
1799,0.413,0.614,0.293,0.838
1800,0.477,0.721,0.397,0.932
1801,0.544,0.830,0.502,1.029
1802,0.609,0.931,0.599,1.121
1803,0.664,1.014,0.677,1.195
1804,0.699,1.066,0.728,1.243
1805,0.707,1.080,0.746,1.256
1806,0.678,1.053,0.727,1.229
1807,0.609,0.981,0.670,1.160
1808,0.494,0.867,0.577,1.048
1809,0.333,0.718,0.455,0.899
1810,0.127,0.542,0.310,0.719
1811,-0.118,0.351,0.153,0.522
1812,-0.392,0.159,-0.007,0.320
1813,-0.677,-0.020,-0.156,0.128
1814,-0.951,-0.171,-0.281,-0.035
1815,-1.185,-0.284,-0.374,-0.157
1816,-1.351,-0.351,-0.428,-0.230
1817,-1.427,-0.369,-0.441,-0.244
1818,-1.401,-0.335,-0.411,-0.200
1819,-1.273,-0.252,-0.341,-0.102
1820,-1.059,-0.126,-0.236,0.043
1821,-0.783,0.028,-0.107,0.220
1822,-0.479,0.197,0.033,0.413
1823,-0.179,0.362,0.170,0.605
1824,0.089,0.508,0.288,0.783
1825,0.308,0.624,0.380,0.934
1826,0.469,0.702,0.441,1.054
1827,0.570,0.745,0.471,1.143
1828,0.616,0.755,0.476,1.200
1829,0.615,0.743,0.464,1.232
1830,0.578,0.716,0.442,1.244
1831,0.515,0.682,0.418,1.240
1832,0.435,0.646,0.394,1.221
1833,0.346,0.609,0.372,1.187
1834,0.254,0.573,0.354,1.139
1835,0.161,0.538,0.337,1.075
1836,0.072,0.504,0.324,0.999
1837,-0.011,0.474,0.316,0.914
1838,-0.083,0.447,0.311,0.827
1839,-0.142,0.426,0.309,0.742
1840,-0.182,0.410,0.310,0.667
1841,-0.201,0.400,0.314,0.606
1842,-0.197,0.398,0.320,0.561
1843,-0.170,0.400,0.325,0.531
1844,-0.122,0.407,0.331,0.515
1845,-0.056,0.416,0.332,0.509
1846,0.023,0.425,0.328,0.510
1847,0.107,0.431,0.316,0.515
1848,0.188,0.434,0.296,0.520
1849,0.260,0.432,0.268,0.526
1850,0.315,0.422,0.232,0.528
1851,0.349,0.403,0.188,0.523
1852,0.358,0.370,0.135,0.505
1853,0.343,0.322,0.075,0.473
1854,0.307,0.260,0.009,0.427
1855,0.253,0.186,-0.063,0.367
1856,0.186,0.104,-0.137,0.296
1857,0.112,0.021,-0.211,0.220
1858,0.032,-0.058,-0.282,0.147
1859,-0.050,-0.122,-0.345,0.086
1860,-0.131,-0.167,-0.399,0.045
1861,-0.209,-0.188,-0.441,0.028
1862,-0.281,-0.186,-0.472,0.034
1863,-0.344,-0.164,-0.491,0.059
1864,-0.397,-0.130,-0.503,0.095
1865,-0.438,-0.095,-0.513,0.130
1866,-0.469,-0.070,-0.522,0.153
1867,-0.492,-0.063,-0.536,0.158
1868,-0.511,-0.079,-0.555,0.139
1869,-0.527,-0.117,-0.577,0.099
1870,-0.540,-0.173,-0.601,0.041
1871,-0.547,-0.234,-0.620,-0.023
1872,-0.544,-0.287,-0.627,-0.081
1873,-0.524,-0.319,-0.615,-0.119
1874,-0.483,-0.322,-0.578,-0.130
1875,-0.421,-0.293,-0.516,-0.112
1876,-0.338,-0.232,-0.428,-0.063
1877,-0.239,-0.146,-0.319,0.010
1878,-0.132,-0.044,-0.198,0.096
1879,-0.025,0.062,-0.074,0.185
1880,0.074,0.161,0.043,0.267
1881,0.159,0.247,0.145,0.336
1882,0.227,0.315,0.227,0.390
1883,0.280,0.362,0.287,0.427
1884,0.321,0.389,0.325,0.446
1885,0.354,0.401,0.344,0.453
1886,0.386,0.401,0.349,0.451
1887,0.420,0.394,0.345,0.443
1888,0.459,0.386,0.338,0.436
1889,0.505,0.379,0.330,0.431
1890,0.555,0.379,0.328,0.437
1891,0.609,0.391,0.335,0.455
1892,0.662,0.414,0.352,0.486
1893,0.711,0.451,0.382,0.532
1894,0.754,0.502,0.426,0.594
1895,0.787,0.568,0.482,0.670
1896,0.812,0.643,0.549,0.756
1897,0.828,0.726,0.625,0.849
1898,0.837,0.813,0.706,0.944
1899,0.842,0.896,0.786,1.032
1900,0.843,0.966,0.854,1.104
1901,0.840,1.014,0.904,1.152
1902,0.832,1.034,0.928,1.168
1903,0.815,1.020,0.920,1.150
1904,0.787,0.974,0.882,1.096
1905,0.745,0.899,0.817,1.013
1906,0.690,0.804,0.733,0.908
1907,0.622,0.700,0.639,0.792
1908,0.546,0.596,0.545,0.675
1909,0.466,0.500,0.459,0.567
1910,0.387,0.418,0.386,0.474
1911,0.316,0.353,0.327,0.398
1912,0.256,0.304,0.284,0.340
1913,0.213,0.271,0.255,0.302
1914,0.189,0.252,0.238,0.279
1915,0.185,0.245,0.230,0.271
1916,0.202,0.247,0.232,0.275
1917,0.239,0.261,0.242,0.293
1918,0.293,0.282,0.258,0.320
1919,0.358,0.310,0.280,0.357
1920,0.429,0.346,0.308,0.401
1921,0.500,0.389,0.342,0.453
1922,0.564,0.439,0.382,0.510
1923,0.615,0.492,0.426,0.570
1924,0.649,0.548,0.474,0.630
1925,0.665,0.603,0.523,0.686
1926,0.664,0.654,0.572,0.735
1927,0.648,0.698,0.617,0.776
1928,0.621,0.733,0.656,0.805
1929,0.589,0.758,0.686,0.824
1930,0.554,0.772,0.706,0.832
1931,0.519,0.776,0.715,0.832
1932,0.487,0.771,0.711,0.823
1933,0.456,0.756,0.694,0.808
1934,0.426,0.732,0.662,0.786
1935,0.396,0.698,0.614,0.756
1936,0.362,0.649,0.548,0.715
1937,0.323,0.584,0.463,0.661
1938,0.277,0.499,0.360,0.590
1939,0.221,0.396,0.241,0.502
1940,0.154,0.274,0.110,0.397
1941,0.076,0.136,-0.031,0.274
1942,-0.016,-0.015,-0.178,0.136
1943,-0.121,-0.175,-0.328,-0.015
1944,-0.240,-0.339,-0.478,-0.175
1945,-0.371,-0.501,-0.624,-0.338
1946,-0.514,-0.654,-0.762,-0.500
1947,-0.664,-0.795,-0.888,-0.653
1948,-0.815,-0.918,-1.000,-0.793
1949,-0.961,-1.020,-1.094,-0.913
1950,-1.094,-1.099,-1.166,-1.009
1951,-1.205,-1.153,-1.217,-1.080
1952,-1.286,-1.184,-1.248,-1.124
1953,-1.333,-1.195,-1.261,-1.142
1954,-1.342,-1.186,-1.256,-1.136
1955,-1.314,-1.159,-1.234,-1.109
1956,-1.252,-1.117,-1.197,-1.063
1957,-1.164,-1.062,-1.147,-1.001
1958,-1.058,-0.996,-1.085,-0.928
1959,-0.947,-0.928,-1.016,-0.850
1960,-0.839,-0.859,-0.946,-0.774
1961,-0.744,-0.796,-0.879,-0.706
1962,-0.662,-0.739,-0.820,-0.645
1963,-0.593,-0.690,-0.769,-0.592
1964,-0.534,-0.647,-0.729,-0.546
1965,-0.477,-0.609,-0.699,-0.503
1966,-0.419,-0.574,-0.678,-0.459
1967,-0.356,-0.538,-0.664,-0.408
1968,-0.288,-0.499,-0.652,-0.353
1969,-0.217,-0.458,-0.639,-0.291
1970,-0.141,-0.413,-0.622,-0.224
1971,-0.062,-0.359,-0.592,-0.151
1972,0.021,-0.294,-0.545,-0.071
1973,0.110,-0.212,-0.473,0.020
1974,0.207,-0.109,-0.373,0.121
1975,0.315,0.014,-0.245,0.237
1976,0.429,0.154,-0.092,0.363
1977,0.547,0.308,0.079,0.496
1978,0.665,0.467,0.260,0.632
1979,0.776,0.622,0.440,0.762
1980,0.877,0.764,0.608,0.881
1981,0.963,0.887,0.755,0.983
1982,1.031,0.986,0.877,1.066
1983,1.081,1.059,0.969,1.128
1984,1.112,1.107,1.030,1.170
1985,1.124,1.132,1.063,1.194
1986,1.119,1.135,1.068,1.204
1987,1.096,1.120,1.049,1.199
1988,1.057,1.087,1.010,1.180
1989,1.001,1.043,0.953,1.150
1990,0.930,0.987,0.883,1.108
1991,0.846,0.920,0.801,1.054
1992,0.750,0.843,0.708,0.987
1993,0.646,0.754,0.605,0.906
1994,0.541,0.656,0.496,0.815
1995,0.436,0.550,0.381,0.714
1996,0.335,0.436,0.263,0.604
1997,0.241,0.320,0.146,0.490
1998,0.155,0.206,0.035,0.377
1999,0.079,0.099,-0.066,0.269
2000,0.012,0.002,-0.155,0.169
2001,-0.045,-0.083,-0.231,0.080
2002,-0.094,-0.154,-0.294,0.004
2003,-0.135,-0.215,-0.345,-0.062
